micron
perone
   0.95200 0.66522000000
   0.95300 0.66924000000
   0.95400 0.67272000000
   0.95500 0.67520000000
   0.95600 0.67809000000
   0.95700 0.68131000000
   0.95800 0.68501000000
   0.95900 0.68903000000
   0.96000 0.69045000000
   0.96100 0.69484000000
   0.96200 0.69699000000
   0.96300 0.69991000000
   0.96400 0.70343000000
   0.96500 0.70647000000
   0.96600 0.70850000000
   0.96700 0.71117000000
   0.96800 0.71368000000
   0.96900 0.71472000000
   0.97000 0.71748000000
   0.97100 0.71996000000
   0.97200 0.72204000000
   0.97300 0.72355000000
   0.97400 0.72601000000
   0.97500 0.72696000000
   0.97600 0.72852000000
   0.97700 0.73068000000
   0.97800 0.73233000000
   0.97900 0.73317000000
   0.98000 0.73391000000
   0.98100 0.73602000000
   0.98200 0.73712000000
   0.98300 0.73828000000
   0.98400 0.73946000000
   0.98500 0.74043000000
   0.98600 0.74235000000
   0.98700 0.74302000000
   0.98800 0.74338000000
   0.98900 0.74391000000
   0.99000 0.74384000000
   0.99100 0.74513000000
   0.99200 0.74599000000
   0.99300 0.74578000000
   0.99400 0.74594000000
   0.99500 0.74575000000
   0.99600 0.74724000000
   0.99700 0.74859000000
   0.99800 0.74945000000
   0.99900 0.74873000000
   1.00000 0.74766000000
   1.00100 0.74900000000
   1.00200 0.74938000000
   1.00300 0.74850000000
   1.00400 0.74789000000
   1.00500 0.74814000000
   1.00600 0.74897000000
   1.00700 0.74888000000
   1.00800 0.74821000000
   1.00900 0.74682000000
   1.01000 0.74446000000
   1.01100 0.74516000000
   1.01200 0.74584000000
   1.01300 0.74899000000
   1.01400 0.74907000000
   1.01500 0.74666000000
   1.01600 0.74524000000
   1.01700 0.74604000000
   1.01800 0.74661000000
   1.01900 0.74622000000
   1.02000 0.74390000000
   1.02100 0.74364000000
   1.02200 0.74303000000
   1.02300 0.74221000000
   1.02400 0.74304000000
   1.02500 0.74173000000
   1.02600 0.74122000000
   1.02700 0.74057000000
   1.02800 0.73941000000
   1.02900 0.73855000000
   1.03000 0.73685000000
   1.03100 0.73646000000
   1.03200 0.73607000000
   1.03300 0.73554000000
   1.03400 0.73281000000
   1.03500 0.73299000000
   1.03600 0.73437000000
   1.03700 0.73427000000
   1.03800 0.73417000000
   1.03900 0.73183000000
   1.04000 0.73037000000
   1.04100 0.72899000000
   1.04200 0.72228000000
   1.04300 0.71423000000
   1.04400 0.70980000000
   1.04500 0.72759000000
   1.04600 0.73026000000
   1.04700 0.72717000000
   1.04800 0.72652000000
   1.04900 0.72517000000
   1.05000 0.72286000000
   1.05100 0.72281000000
   1.05200 0.72323000000
   1.05300 0.72352000000
   1.05400 0.72258000000
   1.05500 0.72175000000
   1.05600 0.72025000000
   1.05700 0.72022000000
   1.05800 0.72013000000
   1.05900 0.71719000000
   1.06000 0.71476000000
   1.06100 0.71680000000
   1.06200 0.71743000000
   1.06300 0.71806000000
   1.06400 0.71723000000
   1.06500 0.71565000000
   1.06600 0.71464000000
   1.06700 0.71281000000
   1.06800 0.71106000000
   1.06900 0.70924000000
   1.07000 0.70757000000
   1.07100 0.70846000000
   1.07200 0.70810000000
   1.07300 0.70796000000
   1.07400 0.70851000000
   1.07500 0.70879000000
   1.07600 0.70949000000
   1.07700 0.70992000000
   1.07800 0.70993000000
   1.07900 0.70810000000
   1.08000 0.70615000000
   1.08100 0.70530000000
   1.08200 0.70472000000
   1.08300 0.70489000000
   1.08400 0.70521000000
   1.08500 0.70458000000
   1.08600 0.70436000000
   1.08700 0.70402000000
   1.08800 0.70368000000
   1.08900 0.70244000000
   1.09000 0.70028000000
   1.09100 0.70104000000
   1.09200 0.70154000000
   1.09300 0.70183000000
   1.09400 0.70214000000
   1.09500 0.70162000000
   1.09600 0.70102000000
   1.09700 0.70003000000
   1.09800 0.70054000000
   1.09900 0.70058000000
   1.10000 0.69846000000
   1.10100 0.69859000000
   1.10200 0.69892000000
   1.10300 0.69925000000
   1.10400 0.69868000000
   1.10500 0.69785000000
   1.10600 0.69724000000
   1.10700 0.69731000000
   1.10800 0.69731000000
   1.10900 0.69664000000
   1.11000 0.69490000000
   1.11100 0.69594000000
   1.11200 0.69581000000
   1.11300 0.69546000000
   1.11400 0.69526000000
   1.11500 0.69595000000
   1.11600 0.69772000000
   1.11700 0.69876000000
   1.11800 0.70000000000
   1.11900 0.69901000000
   1.12000 0.69688000000
   1.12100 0.69625000000
   1.12200 0.69534000000
   1.12300 0.69476000000
   1.12400 0.69499000000
   1.12500 0.69672000000
   1.12600 0.69729000000
   1.12700 0.69799000000
   1.12800 0.70020000000
   1.12900 0.70209000000
   1.13000 0.70187000000
   1.13100 0.70170000000
   1.13200 0.69963000000
   1.13300 0.69689000000
   1.13400 0.69655000000
   1.13500 0.69849000000
   1.13600 0.69927000000
   1.13700 0.70096000000
   1.13800 0.70230000000
   1.13900 0.70282000000
   1.14000 0.70259000000
   1.14100 0.70413000000
   1.14200 0.70322000000
   1.14300 0.70259000000
   1.14400 0.70196000000
   1.14500 0.70182000000
   1.14600 0.70180000000
   1.14700 0.70238000000
   1.14800 0.70270000000
   1.14900 0.70238000000
   1.15000 0.70161000000
   1.15100 0.70317000000
   1.15200 0.70383000000
   1.15300 0.70415000000
   1.15400 0.70358000000
   1.15500 0.70417000000
   1.15600 0.70503000000
   1.15700 0.70541000000
   1.15800 0.70599000000
   1.15900 0.70547000000
   1.16000 0.70572000000
   1.16100 0.70843000000
   1.16200 0.70992000000
   1.16300 0.70860000000
   1.16400 0.70822000000
   1.16500 0.70949000000
   1.16600 0.70973000000
   1.16700 0.71022000000
   1.16800 0.71087000000
   1.16900 0.71090000000
   1.17000 0.71010000000
   1.17100 0.71166000000
   1.17200 0.71252000000
   1.17300 0.71400000000
   1.17400 0.71367000000
   1.17500 0.71329000000
   1.17600 0.71351000000
   1.17700 0.71462000000
   1.17800 0.71629000000
   1.17900 0.71694000000
   1.18000 0.71625000000
   1.18100 0.71955000000
   1.18200 0.72214000000
   1.18300 0.72510000000
   1.18400 0.72728000000
   1.18500 0.72947000000
   1.18600 0.73124000000
   1.18700 0.73231000000
   1.18800 0.73229000000
   1.18900 0.72779000000
   1.19000 0.72003000000
   1.19100 0.72155000000
   1.19200 0.72168000000
   1.19300 0.72069000000
   1.19400 0.72027000000
   1.19500 0.72177000000
   1.19600 0.72257000000
   1.19700 0.72366000000
   1.19800 0.72399000000
   1.19900 0.72401000000
   1.20000 0.72326000000
   1.20100 0.72477000000
   1.20200 0.72644000000
   1.20300 0.72781000000
   1.20400 0.72946000000
   1.20500 0.73026000000
   1.20600 0.73148000000
   1.20700 0.73205000000
   1.20800 0.73198000000
   1.20900 0.73093000000
   1.21000 0.72932000000
   1.21100 0.73103000000
   1.21200 0.73131000000
   1.21300 0.73163000000
   1.21400 0.73267000000
   1.21500 0.73394000000
   1.21600 0.73528000000
   1.21700 0.73655000000
   1.21800 0.73547000000
   1.21900 0.73426000000
   1.22000 0.73439000000
   1.22100 0.73680000000
   1.22200 0.73770000000
   1.22300 0.73767000000
   1.22400 0.73813000000
   1.22500 0.73742000000
   1.22600 0.73744000000
   1.22700 0.73826000000
   1.22800 0.73935000000
   1.22900 0.73834000000
   1.23000 0.73801000000
   1.23100 0.74069000000
   1.23200 0.74142000000
   1.23300 0.74238000000
   1.23400 0.74304000000
   1.23500 0.74427000000
   1.23600 0.74485000000
   1.23700 0.74527000000
   1.23800 0.74541000000
   1.23900 0.74533000000
   1.24000 0.74372000000
   1.24100 0.74536000000
   1.24200 0.74549000000
   1.24300 0.74518000000
   1.24400 0.74537000000
   1.24500 0.74575000000
   1.24600 0.74700000000
   1.24700 0.74920000000
   1.24800 0.74981000000
   1.24900 0.74862000000
   1.25000 0.74840000000
   1.25100 0.75069000000
   1.25200 0.75078000000
   1.25300 0.75195000000
   1.25400 0.75238000000
   1.25500 0.75167000000
   1.25600 0.75089000000
   1.25700 0.75140000000
   1.25800 0.75140000000
   1.25900 0.75171000000
   1.26000 0.75326000000
   1.26100 0.75678000000
   1.26200 0.75684000000
   1.26300 0.75712000000
   1.26400 0.75836000000
   1.26500 0.75907000000
   1.26600 0.75940000000
   1.26700 0.75782000000
   1.26800 0.75780000000
   1.26900 0.75703000000
   1.27000 0.75663000000
   1.27100 0.75800000000
   1.27200 0.75855000000
   1.27300 0.75858000000
   1.27400 0.75883000000
   1.27500 0.75997000000
   1.27600 0.76072000000
   1.27700 0.76105000000
   1.27800 0.76129000000
   1.27900 0.75997000000
   1.28000 0.75866000000
   1.28100 0.75978000000
   1.28200 0.75941000000
   1.28300 0.76061000000
   1.28400 0.76232000000
   1.28500 0.76246000000
   1.28600 0.76305000000
   1.28700 0.76304000000
   1.28800 0.76304000000
   1.28900 0.76178000000
   1.29000 0.76081000000
   1.29100 0.76420000000
   1.29200 0.76448000000
   1.29300 0.76400000000
   1.29400 0.76435000000
   1.29500 0.76425000000
   1.29600 0.76444000000
   1.29700 0.76322000000
   1.29800 0.76289000000
   1.29900 0.76188000000
   1.30000 0.76116000000
   1.30100 0.76366000000
   1.30200 0.76601000000
   1.30300 0.76724000000
   1.30400 0.76741000000
   1.30500 0.76722000000
   1.30600 0.76680000000
   1.30700 0.76749000000
   1.30800 0.76736000000
   1.30900 0.76678000000
   1.31000 0.76456000000
   1.31100 0.76637000000
   1.31200 0.76675000000
   1.31300 0.76767000000
   1.31400 0.76791000000
   1.31500 0.76770000000
   1.31600 0.76821000000
   1.31700 0.76813000000
   1.31800 0.76858000000
   1.31900 0.76752000000
   1.32000 0.76574000000
   1.32100 0.76656000000
   1.32200 0.76641000000
   1.32300 0.76781000000
   1.32400 0.76863000000
   1.32500 0.76810000000
   1.32600 0.76779000000
   1.32700 0.76739000000
   1.32800 0.76677000000
   1.32900 0.76562000000
   1.33000 0.76501000000
   1.33100 0.76714000000
   1.33200 0.76771000000
   1.33300 0.76723000000
   1.33400 0.76624000000
   1.33500 0.76630000000
   1.33600 0.76711000000
   1.33700 0.76725000000
   1.33800 0.76707000000
   1.33900 0.76674000000
   1.34000 0.76700000000
   1.34100 0.76906000000
   1.34200 0.76916000000
   1.34300 0.77061000000
   1.34400 0.77073000000
   1.34500 0.76747000000
   1.34600 0.76452000000
   1.34700 0.76670000000
   1.34800 0.76935000000
   1.34900 0.76765000000
   1.35000 0.76619000000
   1.35100 0.76674000000
   1.35200 0.76719000000
   1.35300 0.76251000000
   1.35400 0.76175000000
   1.35500 0.76656000000
   1.35600 0.76964000000
   1.35700 0.77042000000
   1.35800 0.76909000000
   1.35900 0.76728000000
   1.36000 0.75970000000
   1.36100 0.76047000000
   1.36200 0.76845000000
   1.36300 0.76266000000
   1.36400 0.76219000000
   1.36500 0.76747000000
   1.36600 0.76327000000
   1.36700 0.76085000000
   1.36800 0.76616000000
   1.36900 0.76221000000
   1.37000 0.75810000000
   1.37100 0.76297000000
   1.37200 0.76589000000
   1.37300 0.76476000000
   1.37400 0.76432000000
   1.37500 0.76359000000
   1.37600 0.76711000000
   1.37700 0.76629000000
   1.37800 0.76875000000
   1.37900 0.76126000000
   1.38000 0.76230000000
   1.38100 0.75793000000
   1.38200 0.75863000000
   1.38300 0.75967000000
   1.38400 0.75991000000
   1.38500 0.76312000000
   1.38600 0.75896000000
   1.38700 0.75838000000
   1.38800 0.76210000000
   1.38900 0.76224000000
   1.39000 0.76106000000
   1.39100 0.75760000000
   1.39200 0.76354000000
   1.39300 0.76329000000
   1.39400 0.75655000000
   1.39500 0.75548000000
   1.39600 0.76209000000
   1.39700 0.76498000000
   1.39800 0.76078000000
   1.39900 0.75303000000
   1.40000 0.75262000000
   1.40100 0.75965000000
   1.40200 0.76111000000
   1.40300 0.75757000000
   1.40400 0.75654000000
   1.40500 0.75779000000
   1.40600 0.75626000000
   1.40700 0.75720000000
   1.40800 0.75404000000
   1.40900 0.75753000000
   1.41000 0.75650000000
   1.41100 0.75716000000
   1.41200 0.75463000000
   1.41300 0.75408000000
   1.41400 0.75726000000
   1.41500 0.75829000000
   1.41600 0.75569000000
   1.41700 0.75291000000
   1.41800 0.75123000000
   1.41900 0.75248000000
   1.42000 0.75233000000
   1.42100 0.75279000000
   1.42200 0.75185000000
   1.42300 0.75409000000
   1.42400 0.75558000000
   1.42500 0.75471000000
   1.42600 0.75273000000
   1.42700 0.75200000000
   1.42800 0.75317000000
   1.42900 0.75331000000
   1.43000 0.75047000000
   1.43100 0.75107000000
   1.43200 0.74969000000
   1.43300 0.74926000000
   1.43400 0.74993000000
   1.43500 0.75024000000
   1.43600 0.74952000000
   1.43700 0.75159000000
   1.43800 0.75102000000
   1.43900 0.74877000000
   1.44000 0.74630000000
   1.44100 0.74756000000
   1.44200 0.74809000000
   1.44300 0.74796000000
   1.44400 0.74630000000
   1.44500 0.74884000000
   1.44600 0.75121000000
   1.44700 0.75042000000
   1.44800 0.74853000000
   1.44900 0.74489000000
   1.45000 0.74361000000
   1.45100 0.74575000000
   1.45200 0.74569000000
   1.45300 0.74433000000
   1.45400 0.74333000000
   1.45500 0.74402000000
   1.45600 0.74406000000
   1.45700 0.74402000000
   1.45800 0.74392000000
   1.45900 0.74345000000
   1.46000 0.74269000000
   1.46100 0.74404000000
   1.46200 0.74363000000
   1.46300 0.74396000000
   1.46400 0.74385000000
   1.46500 0.74425000000
   1.46600 0.74436000000
   1.46700 0.74431000000
   1.46800 0.74172000000
   1.46900 0.74002000000
   1.47000 0.73840000000
   1.47100 0.74078000000
   1.47200 0.74163000000
   1.47300 0.74219000000
   1.47400 0.74020000000
   1.47500 0.73996000000
   1.47600 0.73994000000
   1.47700 0.73948000000
   1.47800 0.73902000000
   1.47900 0.73747000000
   1.48000 0.73615000000
   1.48100 0.73787000000
   1.48200 0.73647000000
   1.48300 0.73674000000
   1.48400 0.73702000000
   1.48500 0.73758000000
   1.48600 0.73852000000
   1.48700 0.73896000000
   1.48800 0.73888000000
   1.48900 0.73763000000
   1.49000 0.73567000000
   1.49100 0.73726000000
   1.49200 0.73580000000
   1.49300 0.73549000000
   1.49400 0.73505000000
   1.49500 0.73534000000
   1.49600 0.73541000000
   1.49700 0.73476000000
   1.49800 0.73447000000
   1.49900 0.73397000000
   1.50000 0.73246000000
   1.50100 0.73291000000
   1.50200 0.73286000000
   1.50300 0.73367000000
   1.50400 0.73491000000
   1.50500 0.73514000000
   1.50600 0.73465000000
   1.50700 0.73438000000
   1.50800 0.73389000000
   1.50900 0.73232000000
   1.51000 0.73061000000
   1.51100 0.73243000000
   1.51200 0.73289000000
   1.51300 0.73183000000
   1.51400 0.73186000000
   1.51500 0.73160000000
   1.51600 0.73076000000
   1.51700 0.73066000000
   1.51800 0.73055000000
   1.51900 0.73051000000
   1.52000 0.72904000000
   1.52100 0.72907000000
   1.52200 0.72918000000
   1.52300 0.72979000000
   1.52400 0.73098000000
   1.52500 0.73109000000
   1.52600 0.72948000000
   1.52700 0.72808000000
   1.52800 0.72733000000
   1.52900 0.72745000000
   1.53000 0.72657000000
   1.53100 0.72877000000
   1.53200 0.72854000000
   1.53300 0.72888000000
   1.53400 0.73081000000
   1.53500 0.73007000000
   1.53600 0.72898000000
   1.53700 0.72918000000
   1.53800 0.72916000000
   1.53900 0.72656000000
   1.54000 0.72411000000
   1.54100 0.72467000000
   1.54200 0.72481000000
   1.54300 0.72473000000
   1.54400 0.72537000000
   1.54500 0.72594000000
   1.54600 0.72687000000
   1.54700 0.72744000000
   1.54800 0.72766000000
   1.54900 0.72801000000
   1.55000 0.72672000000
   1.55100 0.72794000000
   1.55200 0.72802000000
   1.55300 0.72723000000
   1.55400 0.72638000000
   1.55500 0.72531000000
   1.55600 0.72461000000
   1.55700 0.72505000000
   1.55800 0.72549000000
   1.55900 0.72486000000
   1.56000 0.72352000000
   1.56100 0.72597000000
   1.56200 0.72727000000
   1.56300 0.72779000000
   1.56400 0.72766000000
   1.56500 0.72675000000
   1.56600 0.72476000000
   1.56700 0.72335000000
   1.56800 0.72252000000
   1.56900 0.72176000000
   1.57000 0.72186000000
   1.57100 0.72439000000
   1.57200 0.72449000000
   1.57300 0.72430000000
   1.57400 0.72447000000
   1.57500 0.72408000000
   1.57600 0.72361000000
   1.57700 0.72307000000
   1.57800 0.72367000000
   1.57900 0.72435000000
   1.58000 0.72310000000
   1.58100 0.72522000000
   1.58200 0.72498000000
   1.58300 0.72595000000
   1.58400 0.72600000000
   1.58500 0.72590000000
   1.58600 0.72523000000
   1.58700 0.72542000000
   1.58800 0.72589000000
   1.58900 0.72479000000
   1.59000 0.72255000000
   1.59100 0.72324000000
   1.59200 0.72244000000
   1.59300 0.72213000000
   1.59400 0.72297000000
   1.59500 0.72309000000
   1.59600 0.72279000000
   1.59700 0.72364000000
   1.59800 0.72355000000
   1.59900 0.72390000000
   1.60000 0.72311000000
   1.60100 0.72396000000
   1.60200 0.72367000000
   1.60300 0.72287000000
   1.60400 0.72337000000
   1.60500 0.72537000000
   1.60600 0.72601000000
   1.60700 0.72550000000
   1.60800 0.72450000000
   1.60900 0.72335000000
   1.61000 0.72242000000
   1.61100 0.72464000000
   1.61200 0.72536000000
   1.61300 0.72609000000
   1.61400 0.72717000000
   1.61500 0.72652000000
   1.61600 0.72516000000
   1.61700 0.72495000000
   1.61800 0.72475000000
   1.61900 0.72325000000
   1.62000 0.72255000000
   1.62100 0.72393000000
   1.62200 0.72337000000
   1.62300 0.72374000000
   1.62400 0.72504000000
   1.62500 0.72592000000
   1.62600 0.72630000000
   1.62700 0.72739000000
   1.62800 0.72777000000
   1.62900 0.72686000000
   1.63000 0.72566000000
   1.63100 0.72719000000
   1.63200 0.72779000000
   1.63300 0.72760000000
   1.63400 0.72625000000
   1.63500 0.72549000000
   1.63600 0.72472000000
   1.63700 0.72511000000
   1.63800 0.72651000000
   1.63900 0.72748000000
   1.64000 0.72650000000
   1.64100 0.72797000000
   1.64200 0.72815000000
   1.64300 0.72833000000
   1.64400 0.72858000000
   1.64500 0.72768000000
   1.64600 0.72742000000
   1.64700 0.72818000000
   1.64800 0.72793000000
   1.64900 0.72797000000
   1.65000 0.72650000000
   1.65100 0.72805000000
   1.65200 0.72918000000
   1.65300 0.72980000000
   1.65400 0.73034000000
   1.65500 0.73125000000
   1.65600 0.73093000000
   1.65700 0.73192000000
   1.65800 0.73197000000
   1.65900 0.73303000000
   1.66000 0.73257000000
   1.66100 0.73538000000
   1.66200 0.73660000000
   1.66300 0.73745000000
   1.66400 0.73882000000
   1.66500 0.74041000000
   1.66600 0.74069000000
   1.66700 0.74016000000
   1.66800 0.73876000000
   1.66900 0.73532000000
   1.67000 0.73132000000
   1.67100 0.73210000000
   1.67200 0.73281000000
   1.67300 0.73302000000
   1.67400 0.73286000000
   1.67500 0.73227000000
   1.67600 0.73240000000
   1.67700 0.73261000000
   1.67800 0.73303000000
   1.67900 0.73252000000
   1.68000 0.73230000000
   1.68100 0.73374000000
   1.68200 0.73272000000
   1.68300 0.73227000000
   1.68400 0.73270000000
   1.68500 0.73422000000
   1.68600 0.73524000000
   1.68700 0.73619000000
   1.68800 0.73502000000
   1.68900 0.73466000000
   1.69000 0.73415000000
   1.69100 0.73684000000
   1.69200 0.73575000000
   1.69300 0.73568000000
   1.69400 0.73590000000
   1.69500 0.73700000000
   1.69600 0.73685000000
   1.69700 0.73685000000
   1.69800 0.73759000000
   1.69900 0.73745000000
   1.70000 0.73608000000
   1.70100 0.73776000000
   1.70200 0.73740000000
   1.70300 0.73879000000
   1.70400 0.74034000000
   1.70500 0.74189000000
   1.70600 0.74138000000
   1.70700 0.74081000000
   1.70800 0.74067000000
   1.70900 0.74047000000
   1.71000 0.73909000000
   1.71100 0.74086000000
   1.71200 0.74220000000
   1.71300 0.74279000000
   1.71400 0.74340000000
   1.71500 0.74327000000
   1.71600 0.74432000000
   1.71700 0.74433000000
   1.71800 0.74353000000
   1.71900 0.74245000000
   1.72000 0.74210000000
   1.72100 0.74454000000
   1.72200 0.74515000000
   1.72300 0.74473000000
   1.72400 0.74490000000
   1.72500 0.74580000000
   1.72600 0.74678000000
   1.72700 0.74718000000
   1.72800 0.74705000000
   1.72900 0.74633000000
   1.73000 0.74495000000
   1.73100 0.74623000000
   1.73200 0.74662000000
   1.73300 0.74642000000
   1.73400 0.74666000000
   1.73500 0.74743000000
   1.73600 0.74893000000
   1.73700 0.75052000000
   1.73800 0.75085000000
   1.73900 0.75050000000
   1.74000 0.75001000000
   1.74100 0.75145000000
   1.74200 0.75155000000
   1.74300 0.75173000000
   1.74400 0.75198000000
   1.74500 0.75208000000
   1.74600 0.75271000000
   1.74700 0.75356000000
   1.74800 0.75456000000
   1.74900 0.75407000000
   1.75000 0.75342000000
   1.75100 0.75502000000
   1.75200 0.75506000000
   1.75300 0.75561000000
   1.75400 0.75504000000
   1.75500 0.75559000000
   1.75600 0.75720000000
   1.75700 0.75790000000
   1.75800 0.75846000000
   1.75900 0.75730000000
   1.76000 0.75613000000
   1.76100 0.75804000000
   1.76200 0.75905000000
   1.76300 0.75946000000
   1.76400 0.76002000000
   1.76500 0.76088000000
   1.76600 0.76258000000
   1.76700 0.76322000000
   1.76800 0.76265000000
   1.76900 0.76193000000
   1.77000 0.76257000000
   1.77100 0.76480000000
   1.77200 0.76514000000
   1.77300 0.76412000000
   1.77400 0.76220000000
   1.77500 0.76193000000
   1.77600 0.76235000000
   1.77700 0.76390000000
   1.77800 0.76530000000
   1.77900 0.76398000000
   1.78000 0.76243000000
   1.78100 0.76435000000
   1.78200 0.76439000000
   1.78300 0.76405000000
   1.78400 0.76341000000
   1.78500 0.76458000000
   1.78600 0.76637000000
   1.78700 0.76709000000
   1.78800 0.76592000000
   1.78900 0.76588000000
   1.79000 0.76456000000
   1.79100 0.76702000000
   1.79200 0.76767000000
   1.79300 0.76946000000
   1.79400 0.77034000000
   1.79500 0.77022000000
   1.79600 0.77179000000
   1.79700 0.77267000000
   1.79800 0.77179000000
   1.79900 0.77016000000
   1.80000 0.77119000000
   1.80100 0.77651000000
   1.80200 0.77809000000
   1.80300 0.77629000000
   1.80400 0.77403000000
   1.80500 0.77629000000
   1.80600 0.77980000000
   1.80700 0.78092000000
   1.80800 0.78004000000
   1.80900 0.77716000000
   1.81000 0.77467000000
   1.81100 0.77762000000
   1.81200 0.78036000000
   1.81300 0.77972000000
   1.81400 0.77668000000
   1.81500 0.78033000000
   1.81600 0.78424000000
   1.81700 0.78576000000
   1.81800 0.78356000000
   1.81900 0.77475000000
   1.82000 0.77294000000
   1.82100 0.77881000000
   1.82200 0.78557000000
   1.82300 0.78811000000
   1.82400 0.78404000000
   1.82500 0.78029000000
   1.82600 0.78746000000
   1.82700 0.78618000000
   1.82800 0.78251000000
   1.82900 0.77700000000
   1.83000 0.77765000000
   1.83100 0.78752000000
   1.83200 0.79412000000
   1.83300 0.79385000000
   1.83400 0.78906000000
   1.83500 0.78528000000
   1.83600 0.78641000000
   1.83700 0.79386000000
   1.83800 0.79399000000
   1.83900 0.78989000000
   1.84000 0.78076000000
   1.84100 0.78249000000
   1.84200 0.79171000000
   1.84300 0.80032000000
   1.84400 0.80401000000
   1.84500 0.79514000000
   1.84600 0.78333000000
   1.84700 0.78320000000
   1.84800 0.79157000000
   1.84900 0.79836000000
   1.85000 0.79990000000
   1.85100 0.79774000000
   1.85200 0.79142000000
   1.85300 0.79632000000
   1.85400 0.79778000000
   1.85500 0.79475000000
   1.85600 0.80038000000
   1.85700 0.80074000000
   1.85800 0.79174000000
   1.85900 0.79084000000
   1.86000 0.79825000000
   1.86100 0.80192000000
   1.86200 0.79855000000
   1.86300 0.80214000000
   1.86400 0.81086000000
   1.86500 0.81202000000
   1.86600 0.80448000000
   1.86700 0.80603000000
   1.86800 0.80902000000
   1.86900 0.80238000000
   1.87000 0.80194000000
   1.87100 0.80174000000
   1.87200 0.79964000000
   1.87300 0.80594000000
   1.87400 0.80367000000
   1.87500 0.79754000000
   1.87600 0.80064000000
   1.87700 0.80727000000
   1.87800 0.80889000000
   1.87900 0.80829000000
   1.88000 0.81112000000
   1.88100 0.81204000000
   1.88200 0.80816000000
   1.88300 0.80842000000
   1.88400 0.80981000000
   1.88500 0.81008000000
   1.88600 0.81348000000
   1.88700 0.81560000000
   1.88800 0.81026000000
   1.88900 0.80822000000
   1.89000 0.80658000000
   1.89100 0.80764000000
   1.89200 0.80887000000
   1.89300 0.81458000000
   1.89400 0.82163000000
   1.89500 0.82288000000
   1.89600 0.82177000000
   1.89700 0.81712000000
   1.89800 0.81304000000
   1.89900 0.81668000000
   1.90000 0.82108000000
   1.90100 0.81981000000
   1.90200 0.82162000000
   1.90300 0.81841000000
   1.90400 0.80928000000
   1.90500 0.81074000000
   1.90600 0.81905000000
   1.90700 0.82678000000
   1.90800 0.82893000000
   1.90900 0.82798000000
   1.91000 0.82572000000
   1.91100 0.82168000000
   1.91200 0.81646000000
   1.91300 0.81921000000
   1.91400 0.82402000000
   1.91500 0.83040000000
   1.91600 0.83601000000
   1.91700 0.83537000000
   1.91800 0.82827000000
   1.91900 0.82218000000
   1.92000 0.82659000000
   1.92100 0.83069000000
   1.92200 0.82859000000
   1.92300 0.83270000000
   1.92400 0.83625000000
   1.92500 0.83315000000
   1.92600 0.82956000000
   1.92700 0.82974000000
   1.92800 0.83098000000
   1.92900 0.83116000000
   1.93000 0.83094000000
   1.93100 0.83358000000
   1.93200 0.83268000000
   1.93300 0.83286000000
   1.93400 0.83296000000
   1.93500 0.83363000000
   1.93600 0.83438000000
   1.93700 0.83390000000
   1.93800 0.83433000000
   1.93900 0.83541000000
   1.94000 0.83600000000
   1.94100 0.83857000000
   1.94200 0.83775000000
   1.94300 0.83677000000
   1.94400 0.83818000000
   1.94500 0.83860000000
   1.94600 0.83754000000
   1.94700 0.83911000000
   1.94800 0.84078000000
   1.94900 0.84186000000
   1.95000 0.84021000000
   1.95100 0.84013000000
   1.95200 0.83997000000
   1.95300 0.84106000000
   1.95400 0.84155000000
   1.95500 0.84289000000
   1.95600 0.84355000000
   1.95700 0.84497000000
   1.95800 0.84631000000
   1.95900 0.84473000000
   1.96000 0.84191000000
   1.96100 0.84456000000
   1.96200 0.84597000000
   1.96300 0.84589000000
   1.96400 0.84656000000
   1.96500 0.84639000000
   1.96600 0.84647000000
   1.96700 0.84755000000
   1.96800 0.84822000000
   1.96900 0.84729000000
   1.97000 0.84729000000
   1.97100 0.84912000000
   1.97200 0.84920000000
   1.97300 0.84962000000
   1.97400 0.85112000000
   1.97500 0.85153000000
   1.97600 0.85186000000
   1.97700 0.85218000000
   1.97800 0.85318000000
   1.97900 0.85292000000
   1.98000 0.85325000000
   1.98100 0.85534000000
   1.98200 0.85617000000
   1.98300 0.85599000000
   1.98400 0.85564000000
   1.98500 0.85529000000
   1.98600 0.85579000000
   1.98700 0.85653000000
   1.98800 0.85778000000
   1.98900 0.85835000000
   1.99000 0.85690000000
   1.99100 0.85546000000
   1.99200 0.85594000000
   1.99300 0.85719000000
   1.99400 0.85928000000
   1.99500 0.85885000000
   1.99600 0.85849000000
   1.99700 0.85847000000
   1.99800 0.85887000000
   1.99900 0.85876000000
   2.00000 0.85849000000
   2.00100 0.86025000000
   2.00200 0.86092000000
   2.00300 0.86234000000
   2.00400 0.86454000000
   2.00500 0.86529000000
   2.00600 0.86578000000
   2.00700 0.86653000000
   2.00800 0.86608000000
   2.00900 0.86461000000
   2.01000 0.86290000000
   2.01100 0.86373000000
   2.01200 0.86371000000
   2.01300 0.86548000000
   2.01400 0.86793000000
   2.01500 0.86954000000
   2.01600 0.86849000000
   2.01700 0.86804000000
   2.01800 0.86742000000
   2.01900 0.86654000000
   2.02000 0.86677000000
   2.02100 0.86897000000
   2.02200 0.87082000000
   2.02300 0.87148000000
   2.02400 0.87060000000
   2.02500 0.86861000000
   2.02600 0.86620000000
   2.02700 0.86617000000
   2.02800 0.86776000000
   2.02900 0.87063000000
   2.03000 0.87223000000
   2.03100 0.87478000000
   2.03200 0.87502000000
   2.03300 0.87490000000
   2.03400 0.87384000000
   2.03500 0.87303000000
   2.03600 0.87403000000
   2.03700 0.87494000000
   2.03800 0.87543000000
   2.03900 0.87574000000
   2.04000 0.87511000000
   2.04100 0.87705000000
   2.04200 0.87582000000
   2.04300 0.87560000000
   2.04400 0.87548000000
   2.04500 0.87518000000
   2.04600 0.87549000000
   2.04700 0.87692000000
   2.04800 0.87852000000
   2.04900 0.87796000000
   2.05000 0.87749000000
   2.05100 0.87824000000
   2.05200 0.87750000000
   2.05300 0.87764000000
   2.05400 0.87897000000
   2.05500 0.87962000000
   2.05600 0.88036000000
   2.05700 0.88006000000
   2.05800 0.88045000000
   2.05900 0.87970000000
   2.06000 0.87836000000
   2.06100 0.88048000000
   2.06200 0.88078000000
   2.06300 0.88108000000
   2.06400 0.88156000000
   2.06500 0.88160000000
   2.06600 0.88242000000
   2.06700 0.88402000000
   2.06800 0.88476000000
   2.06900 0.88409000000
   2.07000 0.88196000000
   2.07100 0.88260000000
   2.07200 0.88246000000
   2.07300 0.88207000000
   2.07400 0.88237000000
   2.07500 0.88379000000
   2.07600 0.88530000000
   2.07700 0.88716000000
   2.07800 0.88737000000
   2.07900 0.88609000000
   2.08000 0.88508000000
   2.08100 0.88719000000
   2.08200 0.88626000000
   2.08300 0.88508000000
   2.08400 0.88477000000
   2.08500 0.88549000000
   2.08600 0.88673000000
   2.08700 0.88598000000
   2.08800 0.88556000000
   2.08900 0.88550000000
   2.09000 0.88649000000
   2.09100 0.88878000000
   2.09200 0.88977000000
   2.09300 0.88926000000
   2.09400 0.88894000000
   2.09500 0.88826000000
   2.09600 0.88829000000
   2.09700 0.89015000000
   2.09800 0.88982000000
   2.09900 0.88923000000
   2.10000 0.88829000000
   2.10100 0.88927000000
   2.10200 0.88902000000
   2.10300 0.88869000000
   2.10400 0.88931000000
   2.10500 0.89047000000
   2.10600 0.89031000000
   2.10700 0.89129000000
   2.10800 0.89191000000
   2.10900 0.89123000000
   2.11000 0.89020000000
   2.11100 0.89065000000
   2.11200 0.89110000000
   2.11300 0.89391000000
   2.11400 0.89253000000
   2.11500 0.89158000000
   2.11600 0.89185000000
   2.11700 0.89352000000
   2.11800 0.89239000000
   2.11900 0.89143000000
   2.12000 0.89030000000
   2.12100 0.89048000000
   2.12200 0.89145000000
   2.12300 0.89321000000
   2.12400 0.89348000000
   2.12500 0.89252000000
   2.12600 0.89122000000
   2.12700 0.89385000000
   2.12800 0.89438000000
   2.12900 0.89316000000
   2.13000 0.89185000000
   2.13100 0.89369000000
   2.13200 0.89404000000
   2.13300 0.89395000000
   2.13400 0.89422000000
   2.13500 0.89563000000
   2.13600 0.89491000000
   2.13700 0.89359000000
   2.13800 0.89254000000
   2.13900 0.89333000000
   2.14000 0.89447000000
   2.14100 0.89596000000
   2.14200 0.89534000000
   2.14300 0.89480000000
   2.14400 0.89427000000
   2.14500 0.89391000000
   2.14600 0.89356000000
   2.14700 0.89399000000
   2.14800 0.89574000000
   2.14900 0.89547000000
   2.15000 0.89344000000
   2.15100 0.89510000000
   2.15200 0.89588000000
   2.15300 0.89472000000
   2.15400 0.89453000000
   2.15500 0.89496000000
   2.15600 0.89653000000
   2.15700 0.89766000000
   2.15800 0.89633000000
   2.15900 0.89560000000
   2.16000 0.89436000000
   2.16100 0.89451000000
   2.16200 0.89379000000
   2.16300 0.89466000000
   2.16400 0.89631000000
   2.16500 0.89603000000
   2.16600 0.89504000000
   2.16700 0.89432000000
   2.16800 0.89465000000
   2.16900 0.89472000000
   2.17000 0.89364000000
   2.17100 0.89406000000
   2.17200 0.89484000000
   2.17300 0.89543000000
   2.17400 0.89514000000
   2.17500 0.89388000000
   2.17600 0.89324000000
   2.17700 0.89514000000
   2.17800 0.89503000000
   2.17900 0.89359000000
   2.18000 0.89191000000
   2.18100 0.89372000000
   2.18200 0.89448000000
   2.18300 0.89542000000
   2.18400 0.89443000000
   2.18500 0.89299000000
   2.18600 0.89305000000
   2.18700 0.89468000000
   2.18800 0.89456000000
   2.18900 0.89268000000
   2.19000 0.89160000000
   2.19100 0.89340000000
   2.19200 0.89416000000
   2.19300 0.89430000000
   2.19400 0.89445000000
   2.19500 0.89520000000
   2.19600 0.89393000000
   2.19700 0.89328000000
   2.19800 0.89280000000
   2.19900 0.89320000000
   2.20000 0.89238000000
   2.20100 0.89322000000
   2.20200 0.89335000000
   2.20300 0.89410000000
   2.20400 0.89405000000
   2.20500 0.89252000000
   2.20600 0.89152000000
   2.20700 0.89138000000
   2.20800 0.89142000000
   2.20900 0.89050000000
   2.21000 0.88915000000
   2.21100 0.88981000000
   2.21200 0.88950000000
   2.21300 0.89112000000
   2.21400 0.89125000000
   2.21500 0.89024000000
   2.21600 0.89107000000
   2.21700 0.89119000000
   2.21800 0.89140000000
   2.21900 0.89144000000
   2.22000 0.89042000000
   2.22100 0.89081000000
   2.22200 0.89032000000
   2.22300 0.89026000000
   2.22400 0.88942000000
   2.22500 0.88964000000
   2.22600 0.88914000000
   2.22700 0.89005000000
   2.22800 0.88973000000
   2.22900 0.88924000000
   2.23000 0.88822000000
   2.23100 0.88939000000
   2.23200 0.88985000000
   2.23300 0.88814000000
   2.23400 0.88642000000
   2.23500 0.88566000000
   2.23600 0.88543000000
   2.23700 0.88598000000
   2.23800 0.88643000000
   2.23900 0.88594000000
   2.24000 0.88510000000
   2.24100 0.88609000000
   2.24200 0.88568000000
   2.24300 0.88596000000
   2.24400 0.88555000000
   2.24500 0.88547000000
   2.24600 0.88489000000
   2.24700 0.88456000000
   2.24800 0.88372000000
   2.24900 0.88295000000
   2.25000 0.88219000000
   2.25100 0.88299000000
   2.25200 0.88222000000
   2.25300 0.88242000000
   2.25400 0.88347000000
   2.25500 0.88428000000
   2.25600 0.88404000000
   2.25700 0.88293000000
   2.25800 0.88216000000
   2.25900 0.88130000000
   2.26000 0.88070000000
   2.26100 0.88202000000
   2.26200 0.88212000000
   2.26300 0.88162000000
   2.26400 0.88017000000
   2.26500 0.87853000000
   2.26600 0.87949000000
   2.26700 0.88001000000
   2.26800 0.87933000000
   2.26900 0.87700000000
   2.27000 0.87503000000
   2.27100 0.87633000000
   2.27200 0.87573000000
   2.27300 0.87582000000
   2.27400 0.87669000000
   2.27500 0.87800000000
   2.27600 0.87870000000
   2.27700 0.87810000000
   2.27800 0.87680000000
   2.27900 0.87560000000
   2.28000 0.87482000000
   2.28100 0.87465000000
   2.28200 0.87354000000
   2.28300 0.87329000000
   2.28400 0.87527000000
   2.28500 0.87492000000
   2.28600 0.87433000000
   2.28700 0.87364000000
   2.28800 0.87328000000
   2.28900 0.87157000000
   2.29000 0.86908000000
   2.29100 0.86916000000
   2.29200 0.86933000000
   2.29300 0.87010000000
   2.29400 0.87088000000
   2.29500 0.87052000000
   2.29600 0.86991000000
   2.29700 0.86922000000
   2.29800 0.86777000000
   2.29900 0.86665000000
   2.30000 0.86545000000
   2.30100 0.86800000000
   2.30200 0.86842000000
   2.30300 0.86850000000
   2.30400 0.86831000000
   2.30500 0.86797000000
   2.30600 0.86786000000
   2.30700 0.86734000000
   2.30800 0.86537000000
   2.30900 0.86340000000
   2.31000 0.86144000000
   2.31100 0.86219000000
   2.31200 0.86311000000
   2.31300 0.86301000000
   2.31400 0.86334000000
   2.31500 0.86384000000
   2.31600 0.86289000000
   2.31700 0.86134000000
   2.31800 0.86099000000
   2.31900 0.86038000000
   2.32000 0.85926000000
   2.32100 0.85957000000
   2.32200 0.85887000000
   2.32300 0.85759000000
   2.32400 0.85555000000
   2.32500 0.85477000000
   2.32600 0.85510000000
   2.32700 0.85524000000
   2.32800 0.85522000000
   2.32900 0.85385000000
   2.33000 0.85215000000
   2.33100 0.85346000000
   2.33200 0.85302000000
   2.33300 0.85224000000
   2.33400 0.85273000000
   2.33500 0.85271000000
   2.33600 0.85277000000
   2.33700 0.85249000000
   2.33800 0.85170000000
   2.33900 0.85009000000
   2.34000 0.84914000000
   2.34100 0.84986000000
   2.34200 0.84899000000
   2.34300 0.84805000000
   2.34400 0.84802000000
   2.34500 0.84699000000
   2.34600 0.84630000000
   2.34700 0.84568000000
   2.34800 0.84582000000
   2.34900 0.84479000000
   2.35000 0.84268000000
   2.35100 0.84282000000
   2.35200 0.84212000000
   2.35300 0.84225000000
   2.35400 0.84304000000
   2.35500 0.84343000000
   2.35600 0.84290000000
   2.35700 0.84229000000
   2.35800 0.84126000000
   2.35900 0.83883000000
   2.36000 0.83697000000
   2.36100 0.83751000000
   2.36200 0.83722000000
   2.36300 0.83678000000
   2.36400 0.83650000000
   2.36500 0.83638000000
   2.36600 0.83642000000
   2.36700 0.83572000000
   2.36800 0.83584000000
   2.36900 0.83449000000
   2.37000 0.83321000000
   2.37100 0.83375000000
   2.37200 0.83305000000
   2.37300 0.83169000000
   2.37400 0.83026000000
   2.37500 0.82965000000
   2.37600 0.82937000000
   2.37700 0.82802000000
   2.37800 0.82855000000
   2.37900 0.82678000000
   2.38000 0.82658000000
   2.38100 0.82800000000
   2.38200 0.82821000000
   2.38300 0.82792000000
   2.38400 0.82821000000
   2.38500 0.82824000000
   2.38600 0.82869000000
   2.38700 0.82823000000
   2.38800 0.82770000000
   2.38900 0.82651000000
   2.39000 0.82450000000
   2.39100 0.82485000000
   2.39200 0.82366000000
   2.39300 0.82216000000
   2.39400 0.82162000000
   2.39500 0.82036000000
   2.39600 0.81933000000
   2.39700 0.81783000000
   2.39800 0.81706000000
   2.39900 0.81596000000
   2.40000 0.81567000000
