nm
percent
952	66.522
953	66.924
954	67.272
955	67.520
956	67.809
957	68.131
958	68.501
959	68.903
960	69.045
961	69.484
962	69.699
963	69.991
964	70.343
965	70.647
966	70.850
967	71.117
968	71.368
969	71.472
970	71.748
971	71.996
972	72.204
973	72.355
974	72.601
975	72.696
976	72.852
977	73.068
978	73.233
979	73.317
980	73.391
981	73.602
982	73.712
983	73.828
984	73.946
985	74.043
986	74.235
987	74.302
988	74.338
989	74.391
990	74.384
991	74.513
992	74.599
993	74.578
994	74.594
995	74.575
996	74.724
997	74.859
998	74.945
999	74.873
1000	74.766
1001	74.900
1002	74.938
1003	74.850
1004	74.789
1005	74.814
1006	74.897
1007	74.888
1008	74.821
1009	74.682
1010	74.446
1011	74.516
1012	74.584
1013	74.899
1014	74.907
1015	74.666
1016	74.524
1017	74.604
1018	74.661
1019	74.622
1020	74.390
1021	74.364
1022	74.303
1023	74.221
1024	74.304
1025	74.173
1026	74.122
1027	74.057
1028	73.941
1029	73.855
1030	73.685
1031	73.646
1032	73.607
1033	73.554
1034	73.281
1035	73.299
1036	73.437
1037	73.427
1038	73.417
1039	73.183
1040	73.037
1041	72.899
1042	72.228
1043	71.423
1044	70.980
1045	72.759
1046	73.026
1047	72.717
1048	72.652
1049	72.517
1050	72.286
1051	72.281
1052	72.323
1053	72.352
1054	72.258
1055	72.175
1056	72.025
1057	72.022
1058	72.013
1059	71.719
1060	71.476
1061	71.680
1062	71.743
1063	71.806
1064	71.723
1065	71.565
1066	71.464
1067	71.281
1068	71.106
1069	70.924
1070	70.757
1071	70.846
1072	70.810
1073	70.796
1074	70.851
1075	70.879
1076	70.949
1077	70.992
1078	70.993
1079	70.810
1080	70.615
1081	70.530
1082	70.472
1083	70.489
1084	70.521
1085	70.458
1086	70.436
1087	70.402
1088	70.368
1089	70.244
1090	70.028
1091	70.104
1092	70.154
1093	70.183
1094	70.214
1095	70.162
1096	70.102
1097	70.003
1098	70.054
1099	70.058
1100	69.846
1101	69.859
1102	69.892
1103	69.925
1104	69.868
1105	69.785
1106	69.724
1107	69.731
1108	69.731
1109	69.664
1110	69.490
1111	69.594
1112	69.581
1113	69.546
1114	69.526
1115	69.595
1116	69.772
1117	69.876
1118	70.000
1119	69.901
1120	69.688
1121	69.625
1122	69.534
1123	69.476
1124	69.499
1125	69.672
1126	69.729
1127	69.799
1128	70.020
1129	70.209
1130	70.187
1131	70.170
1132	69.963
1133	69.689
1134	69.655
1135	69.849
1136	69.927
1137	70.096
1138	70.230
1139	70.282
1140	70.259
1141	70.413
1142	70.322
1143	70.259
1144	70.196
1145	70.182
1146	70.180
1147	70.238
1148	70.270
1149	70.238
1150	70.161
1151	70.317
1152	70.383
1153	70.415
1154	70.358
1155	70.417
1156	70.503
1157	70.541
1158	70.599
1159	70.547
1160	70.572
1161	70.843
1162	70.992
1163	70.860
1164	70.822
1165	70.949
1166	70.973
1167	71.022
1168	71.087
1169	71.090
1170	71.010
1171	71.166
1172	71.252
1173	71.400
1174	71.367
1175	71.329
1176	71.351
1177	71.462
1178	71.629
1179	71.694
1180	71.625
1181	71.955
1182	72.214
1183	72.510
1184	72.728
1185	72.947
1186	73.124
1187	73.231
1188	73.229
1189	72.779
1190	72.003
1191	72.155
1192	72.168
1193	72.069
1194	72.027
1195	72.177
1196	72.257
1197	72.366
1198	72.399
1199	72.401
1200	72.326
1201	72.477
1202	72.644
1203	72.781
1204	72.946
1205	73.026
1206	73.148
1207	73.205
1208	73.198
1209	73.093
1210	72.932
1211	73.103
1212	73.131
1213	73.163
1214	73.267
1215	73.394
1216	73.528
1217	73.655
1218	73.547
1219	73.426
1220	73.439
1221	73.680
1222	73.770
1223	73.767
1224	73.813
1225	73.742
1226	73.744
1227	73.826
1228	73.935
1229	73.834
1230	73.801
1231	74.069
1232	74.142
1233	74.238
1234	74.304
1235	74.427
1236	74.485
1237	74.527
1238	74.541
1239	74.533
1240	74.372
1241	74.536
1242	74.549
1243	74.518
1244	74.537
1245	74.575
1246	74.700
1247	74.920
1248	74.981
1249	74.862
1250	74.840
1251	75.069
1252	75.078
1253	75.195
1254	75.238
1255	75.167
1256	75.089
1257	75.140
1258	75.140
1259	75.171
1260	75.326
1261	75.678
1262	75.684
1263	75.712
1264	75.836
1265	75.907
1266	75.940
1267	75.782
1268	75.780
1269	75.703
1270	75.663
1271	75.800
1272	75.855
1273	75.858
1274	75.883
1275	75.997
1276	76.072
1277	76.105
1278	76.129
1279	75.997
1280	75.866
1281	75.978
1282	75.941
1283	76.061
1284	76.232
1285	76.246
1286	76.305
1287	76.304
1288	76.304
1289	76.178
1290	76.081
1291	76.420
1292	76.448
1293	76.400
1294	76.435
1295	76.425
1296	76.444
1297	76.322
1298	76.289
1299	76.188
1300	76.116
1301	76.366
1302	76.601
1303	76.724
1304	76.741
1305	76.722
1306	76.680
1307	76.749
1308	76.736
1309	76.678
1310	76.456
1311	76.637
1312	76.675
1313	76.767
1314	76.791
1315	76.770
1316	76.821
1317	76.813
1318	76.858
1319	76.752
1320	76.574
1321	76.656
1322	76.641
1323	76.781
1324	76.863
1325	76.810
1326	76.779
1327	76.739
1328	76.677
1329	76.562
1330	76.501
1331	76.714
1332	76.771
1333	76.723
1334	76.624
1335	76.630
1336	76.711
1337	76.725
1338	76.707
1339	76.674
1340	76.700
1341	76.906
1342	76.916
1343	77.061
1344	77.073
1345	76.747
1346	76.452
1347	76.670
1348	76.935
1349	76.765
1350	76.619
1351	76.674
1352	76.719
1353	76.251
1354	76.175
1355	76.656
1356	76.964
1357	77.042
1358	76.909
1359	76.728
1360	75.970
1361	76.047
1362	76.845
1363	76.266
1364	76.219
1365	76.747
1366	76.327
1367	76.085
1368	76.616
1369	76.221
1370	75.810
1371	76.297
1372	76.589
1373	76.476
1374	76.432
1375	76.359
1376	76.711
1377	76.629
1378	76.875
1379	76.126
1380	76.230
1381	75.793
1382	75.863
1383	75.967
1384	75.991
1385	76.312
1386	75.896
1387	75.838
1388	76.210
1389	76.224
1390	76.106
1391	75.760
1392	76.354
1393	76.329
1394	75.655
1395	75.548
1396	76.209
1397	76.498
1398	76.078
1399	75.303
1400	75.262
1401	75.965
1402	76.111
1403	75.757
1404	75.654
1405	75.779
1406	75.626
1407	75.720
1408	75.404
1409	75.753
1410	75.650
1411	75.716
1412	75.463
1413	75.408
1414	75.726
1415	75.829
1416	75.569
1417	75.291
1418	75.123
1419	75.248
1420	75.233
1421	75.279
1422	75.185
1423	75.409
1424	75.558
1425	75.471
1426	75.273
1427	75.200
1428	75.317
1429	75.331
1430	75.047
1431	75.107
1432	74.969
1433	74.926
1434	74.993
1435	75.024
1436	74.952
1437	75.159
1438	75.102
1439	74.877
1440	74.630
1441	74.756
1442	74.809
1443	74.796
1444	74.630
1445	74.884
1446	75.121
1447	75.042
1448	74.853
1449	74.489
1450	74.361
1451	74.575
1452	74.569
1453	74.433
1454	74.333
1455	74.402
1456	74.406
1457	74.402
1458	74.392
1459	74.345
1460	74.269
1461	74.404
1462	74.363
1463	74.396
1464	74.385
1465	74.425
1466	74.436
1467	74.431
1468	74.172
1469	74.002
1470	73.840
1471	74.078
1472	74.163
1473	74.219
1474	74.020
1475	73.996
1476	73.994
1477	73.948
1478	73.902
1479	73.747
1480	73.615
1481	73.787
1482	73.647
1483	73.674
1484	73.702
1485	73.758
1486	73.852
1487	73.896
1488	73.888
1489	73.763
1490	73.567
1491	73.726
1492	73.580
1493	73.549
1494	73.505
1495	73.534
1496	73.541
1497	73.476
1498	73.447
1499	73.397
1500	73.246
1501	73.291
1502	73.286
1503	73.367
1504	73.491
1505	73.514
1506	73.465
1507	73.438
1508	73.389
1509	73.232
1510	73.061
1511	73.243
1512	73.289
1513	73.183
1514	73.186
1515	73.160
1516	73.076
1517	73.066
1518	73.055
1519	73.051
1520	72.904
1521	72.907
1522	72.918
1523	72.979
1524	73.098
1525	73.109
1526	72.948
1527	72.808
1528	72.733
1529	72.745
1530	72.657
1531	72.877
1532	72.854
1533	72.888
1534	73.081
1535	73.007
1536	72.898
1537	72.918
1538	72.916
1539	72.656
1540	72.411
1541	72.467
1542	72.481
1543	72.473
1544	72.537
1545	72.594
1546	72.687
1547	72.744
1548	72.766
1549	72.801
1550	72.672
1551	72.794
1552	72.802
1553	72.723
1554	72.638
1555	72.531
1556	72.461
1557	72.505
1558	72.549
1559	72.486
1560	72.352
1561	72.597
1562	72.727
1563	72.779
1564	72.766
1565	72.675
1566	72.476
1567	72.335
1568	72.252
1569	72.176
1570	72.186
1571	72.439
1572	72.449
1573	72.430
1574	72.447
1575	72.408
1576	72.361
1577	72.307
1578	72.367
1579	72.435
1580	72.310
1581	72.522
1582	72.498
1583	72.595
1584	72.600
1585	72.590
1586	72.523
1587	72.542
1588	72.589
1589	72.479
1590	72.255
1591	72.324
1592	72.244
1593	72.213
1594	72.297
1595	72.309
1596	72.279
1597	72.364
1598	72.355
1599	72.390
1600	72.311
1601	72.396
1602	72.367
1603	72.287
1604	72.337
1605	72.537
1606	72.601
1607	72.550
1608	72.450
1609	72.335
1610	72.242
1611	72.464
1612	72.536
1613	72.609
1614	72.717
1615	72.652
1616	72.516
1617	72.495
1618	72.475
1619	72.325
1620	72.255
1621	72.393
1622	72.337
1623	72.374
1624	72.504
1625	72.592
1626	72.630
1627	72.739
1628	72.777
1629	72.686
1630	72.566
1631	72.719
1632	72.779
1633	72.760
1634	72.625
1635	72.549
1636	72.472
1637	72.511
1638	72.651
1639	72.748
1640	72.650
1641	72.797
1642	72.815
1643	72.833
1644	72.858
1645	72.768
1646	72.742
1647	72.818
1648	72.793
1649	72.797
1650	72.650
1651	72.805
1652	72.918
1653	72.980
1654	73.034
1655	73.125
1656	73.093
1657	73.192
1658	73.197
1659	73.303
1660	73.257
1661	73.538
1662	73.660
1663	73.745
1664	73.882
1665	74.041
1666	74.069
1667	74.016
1668	73.876
1669	73.532
1670	73.132
1671	73.210
1672	73.281
1673	73.302
1674	73.286
1675	73.227
1676	73.240
1677	73.261
1678	73.303
1679	73.252
1680	73.230
1681	73.374
1682	73.272
1683	73.227
1684	73.270
1685	73.422
1686	73.524
1687	73.619
1688	73.502
1689	73.466
1690	73.415
1691	73.684
1692	73.575
1693	73.568
1694	73.590
1695	73.700
1696	73.685
1697	73.685
1698	73.759
1699	73.745
1700	73.608
1701	73.776
1702	73.740
1703	73.879
1704	74.034
1705	74.189
1706	74.138
1707	74.081
1708	74.067
1709	74.047
1710	73.909
1711	74.086
1712	74.220
1713	74.279
1714	74.340
1715	74.327
1716	74.432
1717	74.433
1718	74.353
1719	74.245
1720	74.210
1721	74.454
1722	74.515
1723	74.473
1724	74.490
1725	74.580
1726	74.678
1727	74.718
1728	74.705
1729	74.633
1730	74.495
1731	74.623
1732	74.662
1733	74.642
1734	74.666
1735	74.743
1736	74.893
1737	75.052
1738	75.085
1739	75.050
1740	75.001
1741	75.145
1742	75.155
1743	75.173
1744	75.198
1745	75.208
1746	75.271
1747	75.356
1748	75.456
1749	75.407
1750	75.342
1751	75.502
1752	75.506
1753	75.561
1754	75.504
1755	75.559
1756	75.720
1757	75.790
1758	75.846
1759	75.730
1760	75.613
1761	75.804
1762	75.905
1763	75.946
1764	76.002
1765	76.088
1766	76.258
1767	76.322
1768	76.265
1769	76.193
1770	76.257
1771	76.480
1772	76.514
1773	76.412
1774	76.220
1775	76.193
1776	76.235
1777	76.390
1778	76.530
1779	76.398
1780	76.243
1781	76.435
1782	76.439
1783	76.405
1784	76.341
1785	76.458
1786	76.637
1787	76.709
1788	76.592
1789	76.588
1790	76.456
1791	76.702
1792	76.767
1793	76.946
1794	77.034
1795	77.022
1796	77.179
1797	77.267
1798	77.179
1799	77.016
1800	77.119
1801	77.651
1802	77.809
1803	77.629
1804	77.403
1805	77.629
1806	77.980
1807	78.092
1808	78.004
1809	77.716
1810	77.467
1811	77.762
1812	78.036
1813	77.972
1814	77.668
1815	78.033
1816	78.424
1817	78.576
1818	78.356
1819	77.475
1820	77.294
1821	77.881
1822	78.557
1823	78.811
1824	78.404
1825	78.029
1826	78.746
1827	78.618
1828	78.251
1829	77.700
1830	77.765
1831	78.752
1832	79.412
1833	79.385
1834	78.906
1835	78.528
1836	78.641
1837	79.386
1838	79.399
1839	78.989
1840	78.076
1841	78.249
1842	79.171
1843	80.032
1844	80.401
1845	79.514
1846	78.333
1847	78.320
1848	79.157
1849	79.836
1850	79.990
1851	79.774
1852	79.142
1853	79.632
1854	79.778
1855	79.475
1856	80.038
1857	80.074
1858	79.174
1859	79.084
1860	79.825
1861	80.192
1862	79.855
1863	80.214
1864	81.086
1865	81.202
1866	80.448
1867	80.603
1868	80.902
1869	80.238
1870	80.194
1871	80.174
1872	79.964
1873	80.594
1874	80.367
1875	79.754
1876	80.064
1877	80.727
1878	80.889
1879	80.829
1880	81.112
1881	81.204
1882	80.816
1883	80.842
1884	80.981
1885	81.008
1886	81.348
1887	81.560
1888	81.026
1889	80.822
1890	80.658
1891	80.764
1892	80.887
1893	81.458
1894	82.163
1895	82.288
1896	82.177
1897	81.712
1898	81.304
1899	81.668
1900	82.108
1901	81.981
1902	82.162
1903	81.841
1904	80.928
1905	81.074
1906	81.905
1907	82.678
1908	82.893
1909	82.798
1910	82.572
1911	82.168
1912	81.646
1913	81.921
1914	82.402
1915	83.040
1916	83.601
1917	83.537
1918	82.827
1919	82.218
1920	82.659
1921	83.069
1922	82.859
1923	83.270
1924	83.625
1925	83.315
1926	82.956
1927	82.974
1928	83.098
1929	83.116
1930	83.094
1931	83.358
1932	83.268
1933	83.286
1934	83.296
1935	83.363
1936	83.438
1937	83.390
1938	83.433
1939	83.541
1940	83.600
1941	83.857
1942	83.775
1943	83.677
1944	83.818
1945	83.860
1946	83.754
1947	83.911
1948	84.078
1949	84.186
1950	84.021
1951	84.013
1952	83.997
1953	84.106
1954	84.155
1955	84.289
1956	84.355
1957	84.497
1958	84.631
1959	84.473
1960	84.191
1961	84.456
1962	84.597
1963	84.589
1964	84.656
1965	84.639
1966	84.647
1967	84.755
1968	84.822
1969	84.729
1970	84.729
1971	84.912
1972	84.920
1973	84.962
1974	85.112
1975	85.153
1976	85.186
1977	85.218
1978	85.318
1979	85.292
1980	85.325
1981	85.534
1982	85.617
1983	85.599
1984	85.564
1985	85.529
1986	85.579
1987	85.653
1988	85.778
1989	85.835
1990	85.690
1991	85.546
1992	85.594
1993	85.719
1994	85.928
1995	85.885
1996	85.849
1997	85.847
1998	85.887
1999	85.876
2000	85.849
2001	86.025
2002	86.092
2003	86.234
2004	86.454
2005	86.529
2006	86.578
2007	86.653
2008	86.608
2009	86.461
2010	86.290
2011	86.373
2012	86.371
2013	86.548
2014	86.793
2015	86.954
2016	86.849
2017	86.804
2018	86.742
2019	86.654
2020	86.677
2021	86.897
2022	87.082
2023	87.148
2024	87.060
2025	86.861
2026	86.620
2027	86.617
2028	86.776
2029	87.063
2030	87.223
2031	87.478
2032	87.502
2033	87.490
2034	87.384
2035	87.303
2036	87.403
2037	87.494
2038	87.543
2039	87.574
2040	87.511
2041	87.705
2042	87.582
2043	87.560
2044	87.548
2045	87.518
2046	87.549
2047	87.692
2048	87.852
2049	87.796
2050	87.749
2051	87.824
2052	87.750
2053	87.764
2054	87.897
2055	87.962
2056	88.036
2057	88.006
2058	88.045
2059	87.970
2060	87.836
2061	88.048
2062	88.078
2063	88.108
2064	88.156
2065	88.160
2066	88.242
2067	88.402
2068	88.476
2069	88.409
2070	88.196
2071	88.260
2072	88.246
2073	88.207
2074	88.237
2075	88.379
2076	88.530
2077	88.716
2078	88.737
2079	88.609
2080	88.508
2081	88.719
2082	88.626
2083	88.508
2084	88.477
2085	88.549
2086	88.673
2087	88.598
2088	88.556
2089	88.550
2090	88.649
2091	88.878
2092	88.977
2093	88.926
2094	88.894
2095	88.826
2096	88.829
2097	89.015
2098	88.982
2099	88.923
2100	88.829
2101	88.927
2102	88.902
2103	88.869
2104	88.931
2105	89.047
2106	89.031
2107	89.129
2108	89.191
2109	89.123
2110	89.020
2111	89.065
2112	89.110
2113	89.391
2114	89.253
2115	89.158
2116	89.185
2117	89.352
2118	89.239
2119	89.143
2120	89.030
2121	89.048
2122	89.145
2123	89.321
2124	89.348
2125	89.252
2126	89.122
2127	89.385
2128	89.438
2129	89.316
2130	89.185
2131	89.369
2132	89.404
2133	89.395
2134	89.422
2135	89.563
2136	89.491
2137	89.359
2138	89.254
2139	89.333
2140	89.447
2141	89.596
2142	89.534
2143	89.480
2144	89.427
2145	89.391
2146	89.356
2147	89.399
2148	89.574
2149	89.547
2150	89.344
2151	89.510
2152	89.588
2153	89.472
2154	89.453
2155	89.496
2156	89.653
2157	89.766
2158	89.633
2159	89.560
2160	89.436
2161	89.451
2162	89.379
2163	89.466
2164	89.631
2165	89.603
2166	89.504
2167	89.432
2168	89.465
2169	89.472
2170	89.364
2171	89.406
2172	89.484
2173	89.543
2174	89.514
2175	89.388
2176	89.324
2177	89.514
2178	89.503
2179	89.359
2180	89.191
2181	89.372
2182	89.448
2183	89.542
2184	89.443
2185	89.299
2186	89.305
2187	89.468
2188	89.456
2189	89.268
2190	89.160
2191	89.340
2192	89.416
2193	89.430
2194	89.445
2195	89.520
2196	89.393
2197	89.328
2198	89.280
2199	89.320
2200	89.238
2201	89.322
2202	89.335
2203	89.410
2204	89.405
2205	89.252
2206	89.152
2207	89.138
2208	89.142
2209	89.050
2210	88.915
2211	88.981
2212	88.950
2213	89.112
2214	89.125
2215	89.024
2216	89.107
2217	89.119
2218	89.140
2219	89.144
2220	89.042
2221	89.081
2222	89.032
2223	89.026
2224	88.942
2225	88.964
2226	88.914
2227	89.005
2228	88.973
2229	88.924
2230	88.822
2231	88.939
2232	88.985
2233	88.814
2234	88.642
2235	88.566
2236	88.543
2237	88.598
2238	88.643
2239	88.594
2240	88.510
2241	88.609
2242	88.568
2243	88.596
2244	88.555
2245	88.547
2246	88.489
2247	88.456
2248	88.372
2249	88.295
2250	88.219
2251	88.299
2252	88.222
2253	88.242
2254	88.347
2255	88.428
2256	88.404
2257	88.293
2258	88.216
2259	88.130
2260	88.070
2261	88.202
2262	88.212
2263	88.162
2264	88.017
2265	87.853
2266	87.949
2267	88.001
2268	87.933
2269	87.700
2270	87.503
2271	87.633
2272	87.573
2273	87.582
2274	87.669
2275	87.800
2276	87.870
2277	87.810
2278	87.680
2279	87.560
2280	87.482
2281	87.465
2282	87.354
2283	87.329
2284	87.527
2285	87.492
2286	87.433
2287	87.364
2288	87.328
2289	87.157
2290	86.908
2291	86.916
2292	86.933
2293	87.010
2294	87.088
2295	87.052
2296	86.991
2297	86.922
2298	86.777
2299	86.665
2300	86.545
2301	86.800
2302	86.842
2303	86.850
2304	86.831
2305	86.797
2306	86.786
2307	86.734
2308	86.537
2309	86.340
2310	86.144
2311	86.219
2312	86.311
2313	86.301
2314	86.334
2315	86.384
2316	86.289
2317	86.134
2318	86.099
2319	86.038
2320	85.926
2321	85.957
2322	85.887
2323	85.759
2324	85.555
2325	85.477
2326	85.510
2327	85.524
2328	85.522
2329	85.385
2330	85.215
2331	85.346
2332	85.302
2333	85.224
2334	85.273
2335	85.271
2336	85.277
2337	85.249
2338	85.170
2339	85.009
2340	84.914
2341	84.986
2342	84.899
2343	84.805
2344	84.802
2345	84.699
2346	84.630
2347	84.568
2348	84.582
2349	84.479
2350	84.268
2351	84.282
2352	84.212
2353	84.225
2354	84.304
2355	84.343
2356	84.290
2357	84.229
2358	84.126
2359	83.883
2360	83.697
2361	83.751
2362	83.722
2363	83.678
2364	83.650
2365	83.638
2366	83.642
2367	83.572
2368	83.584
2369	83.449
2370	83.321
2371	83.375
2372	83.305
2373	83.169
2374	83.026
2375	82.965
2376	82.937
2377	82.802
2378	82.855
2379	82.678
2380	82.658
2381	82.800
2382	82.821
2383	82.792
2384	82.821
2385	82.824
2386	82.869
2387	82.823
2388	82.770
2389	82.651
2390	82.450
2391	82.485
2392	82.366
2393	82.216
2394	82.162
2395	82.036
2396	81.933
2397	81.783
2398	81.706
2399	81.596
2400	81.567
