microns
percent
0.8	54.
0.81	54.
0.82	54.
0.83	54.
0.84	54.
0.85	54.
0.86	54.
0.87	54.03489
0.88	54.07811
0.89	54.18327
0.903	54.46804
0.904	54.54538
0.906	54.6219
0.908	54.69495
0.91	54.76176
0.912	54.8199
0.913	54.8679
0.915	54.90562
0.917	54.93419
0.919	54.9559
0.921	54.97385
0.922	54.98696
0.924	54.99529
0.926	54.9999
0.928	55.00167
0.93	55.00119
0.931	54.99895
0.933	54.99514
0.935	54.98976
0.937	54.98277
0.939	54.97438
0.94	54.96533
0.942	54.957
0.944	54.95143
0.946	54.95134
0.948	54.95976
0.949	54.97981
0.951	55.0139
0.953	55.06348
0.955	55.12881
0.957	55.20876
0.958	55.30081
0.96	55.40171
0.962	55.50786
0.964	55.61538
0.966	55.72019
0.967	55.818
0.969	55.90424
0.971	55.97414
0.973	56.02324
0.975	56.04895
0.976	56.05238
0.978	56.03967
0.98	56.022
0.982	56.01571
0.984	56.0389
0.985	56.09904
0.987	56.17857
0.989	56.238
0.991	56.25505
0.993	56.25039
0.994	56.2578
0.996	56.27971
0.998	56.29538
1	56.30376
1.002	56.33072
1.003	56.3961
1.005	56.49485
1.007	56.60948
1.009	56.72486
1.011	56.836
1.012	56.94529
1.014	57.05829
1.016	57.18048
1.018	57.31538
1.02	57.46
1.021	57.60172
1.023	57.72553
1.025	57.83205
1.027	57.94395
1.029	58.0742
1.03	58.20191
1.032	58.30024
1.034	58.3791
1.036	58.4721
1.038	58.58725
1.039	58.69424
1.041	58.76181
1.043	58.78748
1.045	58.79581
1.047	58.82133
1.048	58.8891
1.05	59.00539
1.052	59.159
1.054	59.32724
1.056	59.48238
1.057	59.60104
1.059	59.67562
1.061	59.71957
1.063	59.75862
1.065	59.81567
1.066	59.90105
1.068	60.01219
1.07	60.13814
1.072	60.26372
1.074	60.37486
1.075	60.46534
1.077	60.54196
1.079	60.62014
1.081	60.71314
1.083	60.82086
1.084	60.93076
1.086	61.02738
1.088	61.10104
1.09	61.14967
1.092	61.17776
1.093	61.195
1.095	61.21348
1.097	61.24262
1.099	61.28648
1.101	61.34448
1.102	61.41301
1.104	61.48629
1.106	61.55576
1.108	61.61166
1.11	61.64657
1.111	61.65958
1.113	61.65657
1.115	61.647
1.117	61.63966
1.119	61.64038
1.12	61.65186
1.122	61.67434
1.124	61.70662
1.126	61.74705
1.128	61.79314
1.129	61.83848
1.131	61.87395
1.133	61.89572
1.135	61.90858
1.137	61.91977
1.138	61.92948
1.14	61.93124
1.142	61.92052
1.144	61.90048
1.146	61.88124
1.147	61.87452
1.149	61.88795
1.151	61.92238
1.153	64.67223
1.155	64.72772
1.156	64.77686
1.158	64.80743
1.16	64.81033
1.162	64.78271
1.164	64.72999
1.165	64.66476
1.167	64.60509
1.169	64.56833
1.171	64.55981
1.173	64.56928
1.174	64.58009
1.176	64.58328
1.178	64.58186
1.18	64.58367
1.182	64.59543
1.183	64.61948
1.185	64.65381
1.187	64.69291
1.189	64.73005
1.191	64.76043
1.192	64.7831
1.194	64.8012
1.196	64.82066
1.198	64.84714
1.2	64.88314
1.201	64.92643
1.203	64.97024
1.205	65.00605
1.207	65.0271
1.209	65.03172
1.21	65.0241
1.212	65.01163
1.214	65.00157
1.216	64.99828
1.218	65.00261
1.219	65.01176
1.221	65.01942
1.223	65.01718
1.225	65.00028
1.227	64.97366
1.228	64.95171
1.23	64.9448
1.232	64.94776
1.234	64.94562
1.236	64.92967
1.237	64.90329
1.239	64.87381
1.241	64.84566
1.243	64.82262
1.245	64.81033
1.246	64.81429
1.248	64.83523
1.25	64.8679
1.252	64.90357
1.254	64.93404
1.255	64.95428
1.257	64.96395
1.259	64.9678
1.261	64.97394
1.263	64.98719
1.264	65.00223
1.266	65.00333
1.268	64.97776
1.27	64.92795
1.272	64.86752
1.273	64.80733
1.275	64.7509
1.277	64.70229
1.279	64.67038
1.281	64.66258
1.282	64.67818
1.284	64.70833
1.286	64.74115
1.288	64.76747
1.29	64.78281
1.291	64.78605
1.293	64.77714
1.295	64.75586
1.297	64.72153
1.299	64.67405
1.3	64.61553
1.302	64.5511
1.304	64.48981
1.306	64.44362
1.308	64.42372
1.309	64.43481
1.311	64.47091
1.313	64.51348
1.315	64.53395
1.317	64.505
1.318	64.41638
1.32	64.28195
1.322	64.13033
1.324	63.98843
1.326	63.8711
1.327	63.78105
1.329	63.71209
1.331	63.654
1.333	63.59829
1.335	63.54262
1.336	63.48848
1.338	63.43438
1.34	63.37453
1.342	63.304
1.344	63.22376
1.345	63.13757
1.347	63.04638
1.349	62.94857
1.351	62.84843
1.353	62.76238
1.354	62.71324
1.356	62.71133
1.358	62.74114
1.36	62.768
1.362	62.76019
1.363	62.7079
1.365	62.62718
1.367	62.54752
1.369	62.48942
1.371	62.45114
1.372	62.41924
1.374	62.39338
1.376	62.39281
1.378	62.42886
1.38	62.48558
1.381	62.52991
1.383	62.541
1.385	62.52282
1.387	62.49391
1.389	62.47396
1.39	62.47501
1.392	62.49833
1.394	62.54
1.396	62.59871
1.398	62.67895
1.399	62.78433
1.401	62.90872
1.403	63.03243
1.405	63.13209
1.407	63.19843
1.408	63.24357
1.41	63.28557
1.412	63.32505
1.414	63.34462
1.416	63.33763
1.417	63.32172
1.419	63.32367
1.421	63.35462
1.423	63.40601
1.425	63.46215
1.426	63.50785
1.428	63.53129
1.43	63.52586
1.432	63.49115
1.434	63.43248
1.435	63.35891
1.437	63.28057
1.439	63.20562
1.441	76.88881
1.443	76.83157
1.444	76.78356
1.446	76.74348
1.448	76.70938
1.45	76.67915
1.452	76.65062
1.453	76.62186
1.455	76.59148
1.457	76.55991
1.459	76.53082
1.461	76.51124
1.462	76.50943
1.464	76.53081
1.466	76.57424
1.468	76.63219
1.47	76.69343
1.471	76.7471
1.473	76.78576
1.475	76.80771
1.477	76.81719
1.479	76.82248
1.48	76.83319
1.482	76.85824
1.484	76.90467
1.486	76.97714
1.488	77.07728
1.489	77.20328
1.491	77.34976
1.493	77.50804
1.495	77.66729
1.497	77.81586
1.498	77.94309
1.5	78.04152
1.502	78.1091
1.504	78.15076
1.506	78.17628
1.507	78.19662
1.509	78.21986
1.511	78.24986
1.513	78.28591
1.515	78.32419
1.516	78.35938
1.518	78.38609
1.52	78.39943
1.522	78.39514
1.524	78.37029
1.525	78.32362
1.527	78.25619
1.529	78.17139
1.531	78.07453
1.533	77.97158
1.534	77.86796
1.536	77.76757
1.538	77.67267
1.54	77.58395
1.542	77.50062
1.543	77.42095
1.545	77.34328
1.547	77.26695
1.549	77.19233
1.551	77.12133
1.552	77.0568
1.554	77.00219
1.556	76.96114
1.558	76.93704
1.56	76.9329
1.561	76.94995
1.563	76.98648
1.565	77.03699
1.567	77.09423
1.569	77.15157
1.57	77.20509
1.572	77.25372
1.574	77.29909
1.576	77.34519
1.578	77.39729
1.579	77.46114
1.581	77.5412
1.583	77.63887
1.585	77.75133
1.587	77.87181
1.588	77.99138
1.59	78.10176
1.592	78.198
1.594	78.27896
1.596	78.34591
1.597	78.40029
1.599	78.44282
1.601	78.47444
1.603	78.497
1.605	78.51263
1.606	78.52385
1.608	78.534
1.61	78.54785
1.612	78.57081
1.614	78.60681
1.615	78.65676
1.617	78.71767
1.619	78.78394
1.621	78.84909
1.623	78.908
1.624	78.95906
1.626	79.0041
1.628	79.04663
1.63	79.08948
1.632	79.13353
1.633	79.17814
1.635	79.22219
1.637	79.26571
1.639	79.31029
1.641	79.35895
1.642	79.41486
1.644	79.47891
1.646	79.54834
1.648	79.61643
1.65	79.67433
1.651	79.71357
1.653	79.72847
1.655	79.7179
1.657	79.68529
1.659	79.63801
1.66	79.58548
1.662	79.53657
1.664	79.49718
1.666	79.46994
1.668	79.454
1.669	79.44643
1.671	79.44348
1.673	79.44205
1.675	79.44014
1.677	79.43666
1.678	79.43158
1.68	79.42596
1.682	79.4219
1.684	79.4221
1.686	79.42886
1.687	79.44372
1.689	79.46719
1.691	79.49896
1.693	79.53763
1.695	79.581
1.696	79.62634
1.698	79.67077
1.7	79.71186
1.702	79.7479
1.704	79.77776
1.705	79.801
1.707	79.81771
1.709	79.82847
1.711	79.83409
1.713	79.83557
1.714	79.8342
1.716	79.83138
1.718	79.82867
1.72	79.82748
1.722	79.82881
1.723	79.83334
1.725	79.84128
1.727	79.85232
1.729	79.86581
1.731	79.88061
1.732	79.89538
1.734	79.90866
1.736	79.91938
1.738	79.92686
1.74	79.93081
1.741	79.93133
1.743	79.92895
1.745	79.92471
1.747	79.92028
1.749	79.91805
1.75	79.92071
1.752	79.93019
1.754	79.94638
1.756	79.96653
1.758	79.98576
1.759	79.9991
1.761	80.00376
1.763	80.00057
1.765	79.9939
1.767	79.9899
1.768	79.99538
1.77	80.01657
1.772	80.05834
1.774	80.12276
1.776	80.20815
1.777	80.30853
1.779	80.41434
1.781	80.51472
1.783	80.60005
1.785	80.6641
1.786	80.70438
1.788	80.72224
1.79	80.72224
1.792	80.71162
1.794	80.69919
1.795	80.69457
1.797	80.70624
1.799	80.7391
1.801	80.79328
1.803	80.86467
1.804	80.94666
1.806	81.03171
1.808	81.11218
1.81	81.18109
1.812	81.23314
1.813	81.26575
1.815	81.28052
1.817	81.28348
1.819	81.28343
1.821	81.28966
1.822	81.30957
1.824	81.34753
1.826	81.40362
1.828	81.47425
1.83	81.5532
1.831	81.63405
1.833	81.71115
1.835	81.7801
1.837	81.83828
1.839	81.88447
1.84	81.91861
1.842	81.94157
1.844	81.95481
1.846	81.96067
1.848	81.962
1.849	81.96239
1.851	81.9659
1.853	81.97623
1.855	81.99565
1.857	82.02446
1.858	82.06061
1.86	82.10014
1.862	82.1378
1.864	82.1689
1.866	82.19038
1.867	82.20133
1.869	82.20267
1.871	82.19609
1.873	82.18381
1.875	82.16819
1.876	82.15229
1.878	82.13981
1.88	82.13538
1.882	80.44366
1.884	80.46743
1.885	80.50504
1.887	80.54985
1.889	80.59285
1.891	80.62728
1.893	80.65147
1.894	80.66881
1.896	80.68523
1.898	80.70643
1.9	80.73614
1.902	80.77586
1.903	80.82481
1.905	80.88043
1.907	80.9391
1.909	80.99781
1.911	81.05481
1.912	81.10985
1.914	81.16371
1.916	81.21709
1.918	81.26913
1.92	81.31675
1.921	81.3558
1.923	81.38395
1.925	81.40209
1.927	81.41438
1.929	81.42662
1.93	81.44485
1.932	81.47385
1.934	81.51567
1.936	81.569
1.938	81.62996
1.939	81.69439
1.941	81.75948
1.943	81.82415
1.945	81.8881
1.947	81.95047
1.948	82.00939
1.95	82.06158
1.952	82.10272
1.954	82.12833
1.956	82.13509
1.957	82.12233
1.959	82.09257
1.961	82.05134
1.963	82.00619
1.965	81.96391
1.966	81.92733
1.968	81.8941
1.97	81.85805
1.972	81.81324
1.974	81.757
1.975	81.69095
1.977	81.61852
1.979	81.54343
1.981	81.46909
1.983	81.39838
1.984	81.33367
1.986	81.27634
1.988	81.22696
1.99	81.18529
1.992	81.15086
1.993	81.12296
1.995	81.10072
1.997	81.08338
1.999	81.0701
2.001	81.06015
2.002	81.053
2.004	81.04847
2.006	81.04658
2.008	81.04729
2.01	81.05028
2.011	81.05495
2.013	81.06028
2.015	81.06533
2.017	81.06909
2.019	81.07033
2.02	81.06805
2.022	81.06138
2.024	81.05029
2.026	81.03533
2.028	81.01776
2.029	80.9989
2.031	80.98028
2.033	80.96347
2.035	80.94995
2.037	80.94143
2.038	80.93929
2.04	80.94444
2.042	80.95677
2.044	80.97505
2.046	80.99709
2.047	81.02013
2.049	81.04095
2.051	81.05618
2.053	81.06242
2.055	81.05709
2.056	81.03899
2.058	81.00852
2.06	80.96758
2.062	80.919
2.064	80.86653
2.065	80.81429
2.067	80.76633
2.069	80.72562
2.071	80.69362
2.073	80.67034
2.074	80.65424
2.076	80.64252
2.078	80.63152
2.08	80.61771
2.082	80.59852
2.083	80.57275
2.085	80.54086
2.087	80.50471
2.089	80.46772
2.091	80.43452
2.092	80.41
2.094	80.39834
2.096	80.40224
2.098	80.42268
2.1	80.45881
2.101	80.50805
2.103	80.56638
2.105	80.62891
2.107	80.6908
2.109	80.74805
2.11	80.79776
2.112	80.83833
2.114	80.86972
2.116	80.89323
2.118	80.91109
2.119	80.92562
2.121	80.9391
2.123	80.95301
2.125	80.96829
2.127	80.98495
2.128	81.00214
2.13	81.01833
2.132	81.03172
2.134	81.04067
2.136	81.04395
2.137	81.04144
2.139	81.03467
2.141	81.02701
2.143	81.02396
2.145	81.03253
2.146	81.0552
2.148	81.08224
2.15	81.09762
2.152	81.09295
2.154	81.07347
2.155	81.05053
2.157	81.03124
2.159	81.01819
2.161	81.01109
2.163	81.00804
2.164	81.00723
2.166	81.007
2.168	81.00581
2.17	81.00234
2.172	80.99538
2.173	80.98391
2.175	80.96662
2.177	80.94147
2.179	80.90567
2.181	80.85524
2.182	80.78581
2.184	80.69828
2.186	80.60604
2.188	80.52876
2.19	80.47809
2.191	80.45167
2.193	80.44052
2.195	80.43938
2.197	80.44581
2.199	80.4581
2.2	80.47347
2.202	80.48771
2.204	80.49662
2.206	80.49757
2.208	80.49005
2.209	80.47543
2.211	80.45714
2.213	80.43991
2.215	80.42853
2.217	80.42629
2.218	80.43409
2.22	80.45034
2.222	80.47133
2.224	80.49238
2.226	80.509
2.227	80.51762
2.229	80.51577
2.231	80.50219
2.233	80.47686
2.235	80.44143
2.236	80.39943
2.238	80.35599
2.24	80.31709
2.242	80.28857
2.244	80.27542
2.245	80.28157
2.247	80.30962
2.249	80.35961
2.251	80.4279
2.253	80.50748
2.254	80.58995
2.256	80.66786
2.258	80.73539
2.26	80.7881
2.262	80.82296
2.263	80.83905
2.265	80.83934
2.267	80.83153
2.269	80.82577
2.271	80.83076
2.272	80.85081
2.274	80.88523
2.276	80.92923
2.278	80.97476
2.28	81.01238
2.281	81.03333
2.283	81.03057
2.285	80.99909
2.287	80.93691
2.289	80.84642
2.29	80.73524
2.292	80.61552
2.294	80.50252
2.296	80.41176
2.298	80.35514
2.299	80.3369
2.301	80.35267
2.303	80.39124
2.305	80.43695
2.307	80.47352
2.308	80.48795
2.31	80.474
2.312	80.43324
2.314	80.37362
2.316	80.30705
2.317	80.24571
2.319	80.19914
2.321	80.1729
2.323	80.16851
2.325	80.184
2.326	80.21467
2.328	80.25381
2.33	80.29306
2.332	80.32272
2.334	80.33366
2.335	80.32133
2.337	80.28867
2.339	80.24509
2.341	80.20214
2.343	80.16956
2.344	80.15371
2.346	80.15747
2.348	80.18043
2.35	80.21905
2.352	80.26829
2.353	80.32304
2.355	80.37947
2.357	80.4351
2.359	80.48876
2.361	80.54067
2.362	80.59194
2.364	80.64386
2.366	80.6971
2.368	80.75153
2.37	80.8059
2.371	80.85853
2.373	80.90715
2.375	80.94949
2.377	80.98334
2.379	81.00677
2.38	81.01862
2.382	81.01762
2.384	81.00167
2.386	80.96705
2.388	80.909
2.389	80.82429
2.391	80.71495
2.393	80.59114
2.395	80.47205
2.397	80.38138
2.398	80.33276
2.4	80.31519
2.402	80.29985
2.404	80.26534
2.406	80.21705
2.407	80.18319
2.409	80.19362
2.411	80.25324
2.413	80.33776
2.415	80.41619
2.416	80.48167
2.418	80.55095
2.42	80.64257
2.422	80.76181
2.424	80.90547
2.425	81.07
2.427	81.25248
2.429	81.44677
2.431	81.64025
2.433	81.81239
2.434	81.93924
2.436	82.00796
2.438	82.03152
2.44	82.04195
2.442	82.06485
2.443	82.09938
2.445	82.12205
2.447	82.10752
2.449	82.05482
2.451	81.99142
2.452	81.95076
2.454	81.94101
2.456	81.94543
2.458	81.945
2.46	81.93401
2.461	81.91606
2.463	81.89548
2.465	81.87343
2.467	81.84796
2.469	81.81538
2.47	81.77276
2.472	81.71961
2.474	81.6587
2.476	81.59614
2.478	81.54062
2.479	81.4999
2.481	81.47614
2.483	81.46186
2.485	81.43872
2.487	81.38562
2.488	81.29653
2.49	81.18791
2.492	81.08076
2.494	80.96782
2.496	80.80843
2.497	80.56562
2.499	80.25158
2.501	79.93038
2.503	79.6669
2.505	79.47829
2.506	79.32343
2.508	79.14762
2.51	78.944
2.512	78.74733
2.514	78.55991
2.515	78.34571
2.517	78.08247
2.519	77.76453
2.521	77.40324
2.523	77.08295
2.524	76.87096
2.526	76.65301
2.528	76.34591
2.53	75.96795
2.532	75.55719
2.533	74.99867
2.535	74.26748
2.537	73.39057
2.539	72.46409
2.541	71.66505
2.542	71.01457
2.544	70.33319
2.546	69.52804
2.548	68.62614
2.55	67.83566
2.551	67.10995
2.553	66.49462
2.555	65.70738
2.557	64.7001
2.559	63.53371
2.56	62.47329
2.562	61.47462
2.564	60.59991
2.566	59.804
2.568	58.93115
2.569	57.90443
2.571	56.92138
2.573	56.78109
2.575	56.35582
2.577	55.83089
2.578	54.97489
2.58	53.40371
2.582	52.93829
2.584	54.0438
2.586	52.4172
2.587	49.78833
2.589	49.34967
2.591	51.985
