micron
perone
   0.80000 0.54000000000
   0.81000 0.54000000000
   0.82000 0.54000000000
   0.83000 0.54000000000
   0.84000 0.54000000000
   0.85000 0.54000000000
   0.86000 0.54000000000
   0.87000 0.54034890000
   0.88000 0.54078110000
   0.89000 0.54183270000
   0.90300 0.54468040000
   0.90400 0.54545380000
   0.90600 0.54621900000
   0.90800 0.54694950000
   0.91000 0.54761760000
   0.91200 0.54819900000
   0.91300 0.54867900000
   0.91500 0.54905620000
   0.91700 0.54934190000
   0.91900 0.54955900000
   0.92100 0.54973850000
   0.92200 0.54986960000
   0.92400 0.54995290000
   0.92600 0.54999900000
   0.92800 0.55001670000
   0.93000 0.55001190000
   0.93100 0.54998950000
   0.93300 0.54995140000
   0.93500 0.54989760000
   0.93700 0.54982770000
   0.93900 0.54974380000
   0.94000 0.54965330000
   0.94200 0.54957000000
   0.94400 0.54951430000
   0.94600 0.54951340000
   0.94800 0.54959760000
   0.94900 0.54979810000
   0.95100 0.55013900000
   0.95300 0.55063480000
   0.95500 0.55128810000
   0.95700 0.55208760000
   0.95800 0.55300810000
   0.96000 0.55401710000
   0.96200 0.55507860000
   0.96400 0.55615380000
   0.96600 0.55720190000
   0.96700 0.55818000000
   0.96900 0.55904240000
   0.97100 0.55974140000
   0.97300 0.56023240000
   0.97500 0.56048950000
   0.97600 0.56052380000
   0.97800 0.56039670000
   0.98000 0.56022000000
   0.98200 0.56015710000
   0.98400 0.56038900000
   0.98500 0.56099040000
   0.98700 0.56178570000
   0.98900 0.56238000000
   0.99100 0.56255050000
   0.99300 0.56250390000
   0.99400 0.56257800000
   0.99600 0.56279710000
   0.99800 0.56295380000
   1.00000 0.56303760000
   1.00200 0.56330720000
   1.00300 0.56396100000
   1.00500 0.56494850000
   1.00700 0.56609480000
   1.00900 0.56724860000
   1.01100 0.56836000000
   1.01200 0.56945290000
   1.01400 0.57058290000
   1.01600 0.57180480000
   1.01800 0.57315380000
   1.02000 0.57460000000
   1.02100 0.57601720000
   1.02300 0.57725530000
   1.02500 0.57832050000
   1.02700 0.57943950000
   1.02900 0.58074200000
   1.03000 0.58201910000
   1.03200 0.58300240000
   1.03400 0.58379100000
   1.03600 0.58472100000
   1.03800 0.58587250000
   1.03900 0.58694240000
   1.04100 0.58761810000
   1.04300 0.58787480000
   1.04500 0.58795810000
   1.04700 0.58821330000
   1.04800 0.58889100000
   1.05000 0.59005390000
   1.05200 0.59159000000
   1.05400 0.59327240000
   1.05600 0.59482380000
   1.05700 0.59601040000
   1.05900 0.59675620000
   1.06100 0.59719570000
   1.06300 0.59758620000
   1.06500 0.59815670000
   1.06600 0.59901050000
   1.06800 0.60012190000
   1.07000 0.60138140000
   1.07200 0.60263720000
   1.07400 0.60374860000
   1.07500 0.60465340000
   1.07700 0.60541960000
   1.07900 0.60620140000
   1.08100 0.60713140000
   1.08300 0.60820860000
   1.08400 0.60930760000
   1.08600 0.61027380000
   1.08800 0.61101040000
   1.09000 0.61149670000
   1.09200 0.61177760000
   1.09300 0.61195000000
   1.09500 0.61213480000
   1.09700 0.61242620000
   1.09900 0.61286480000
   1.10100 0.61344480000
   1.10200 0.61413010000
   1.10400 0.61486290000
   1.10600 0.61555760000
   1.10800 0.61611660000
   1.11000 0.61646570000
   1.11100 0.61659580000
   1.11300 0.61656570000
   1.11500 0.61647000000
   1.11700 0.61639660000
   1.11900 0.61640380000
   1.12000 0.61651860000
   1.12200 0.61674340000
   1.12400 0.61706620000
   1.12600 0.61747050000
   1.12800 0.61793140000
   1.12900 0.61838480000
   1.13100 0.61873950000
   1.13300 0.61895720000
   1.13500 0.61908580000
   1.13700 0.61919770000
   1.13800 0.61929480000
   1.14000 0.61931240000
   1.14200 0.61920520000
   1.14400 0.61900480000
   1.14600 0.61881240000
   1.14700 0.61874520000
   1.14900 0.61887950000
   1.15100 0.61922380000
   1.15300 0.64672230000
   1.15500 0.64727720000
   1.15600 0.64776860000
   1.15800 0.64807430000
   1.16000 0.64810330000
   1.16200 0.64782710000
   1.16400 0.64729990000
   1.16500 0.64664760000
   1.16700 0.64605090000
   1.16900 0.64568330000
   1.17100 0.64559810000
   1.17300 0.64569280000
   1.17400 0.64580090000
   1.17600 0.64583280000
   1.17800 0.64581860000
   1.18000 0.64583670000
   1.18200 0.64595430000
   1.18300 0.64619480000
   1.18500 0.64653810000
   1.18700 0.64692910000
   1.18900 0.64730050000
   1.19100 0.64760430000
   1.19200 0.64783100000
   1.19400 0.64801200000
   1.19600 0.64820660000
   1.19800 0.64847140000
   1.20000 0.64883140000
   1.20100 0.64926430000
   1.20300 0.64970240000
   1.20500 0.65006050000
   1.20700 0.65027100000
   1.20900 0.65031720000
   1.21000 0.65024100000
   1.21200 0.65011630000
   1.21400 0.65001570000
   1.21600 0.64998280000
   1.21800 0.65002610000
   1.21900 0.65011760000
   1.22100 0.65019420000
   1.22300 0.65017180000
   1.22500 0.65000280000
   1.22700 0.64973660000
   1.22800 0.64951710000
   1.23000 0.64944800000
   1.23200 0.64947760000
   1.23400 0.64945620000
   1.23600 0.64929670000
   1.23700 0.64903290000
   1.23900 0.64873810000
   1.24100 0.64845660000
   1.24300 0.64822620000
   1.24500 0.64810330000
   1.24600 0.64814290000
   1.24800 0.64835230000
   1.25000 0.64867900000
   1.25200 0.64903570000
   1.25400 0.64934040000
   1.25500 0.64954280000
   1.25700 0.64963950000
   1.25900 0.64967800000
   1.26100 0.64973940000
   1.26300 0.64987190000
   1.26400 0.65002230000
   1.26600 0.65003330000
   1.26800 0.64977760000
   1.27000 0.64927950000
   1.27200 0.64867520000
   1.27300 0.64807330000
   1.27500 0.64750900000
   1.27700 0.64702290000
   1.27900 0.64670380000
   1.28100 0.64662580000
   1.28200 0.64678180000
   1.28400 0.64708330000
   1.28600 0.64741150000
   1.28800 0.64767470000
   1.29000 0.64782810000
   1.29100 0.64786050000
   1.29300 0.64777140000
   1.29500 0.64755860000
   1.29700 0.64721530000
   1.29900 0.64674050000
   1.30000 0.64615530000
   1.30200 0.64551100000
   1.30400 0.64489810000
   1.30600 0.64443620000
   1.30800 0.64423720000
   1.30900 0.64434810000
   1.31100 0.64470910000
   1.31300 0.64513480000
   1.31500 0.64533950000
   1.31700 0.64505000000
   1.31800 0.64416380000
   1.32000 0.64281950000
   1.32200 0.64130330000
   1.32400 0.63988430000
   1.32600 0.63871100000
   1.32700 0.63781050000
   1.32900 0.63712090000
   1.33100 0.63654000000
   1.33300 0.63598290000
   1.33500 0.63542620000
   1.33600 0.63488480000
   1.33800 0.63434380000
   1.34000 0.63374530000
   1.34200 0.63304000000
   1.34400 0.63223760000
   1.34500 0.63137570000
   1.34700 0.63046380000
   1.34900 0.62948570000
   1.35100 0.62848430000
   1.35300 0.62762380000
   1.35400 0.62713240000
   1.35600 0.62711330000
   1.35800 0.62741140000
   1.36000 0.62768000000
   1.36200 0.62760190000
   1.36300 0.62707900000
   1.36500 0.62627180000
   1.36700 0.62547520000
   1.36900 0.62489420000
   1.37100 0.62451140000
   1.37200 0.62419240000
   1.37400 0.62393380000
   1.37600 0.62392810000
   1.37800 0.62428860000
   1.38000 0.62485580000
   1.38100 0.62529910000
   1.38300 0.62541000000
   1.38500 0.62522820000
   1.38700 0.62493910000
   1.38900 0.62473960000
   1.39000 0.62475010000
   1.39200 0.62498330000
   1.39400 0.62540000000
   1.39600 0.62598710000
   1.39800 0.62678950000
   1.39900 0.62784330000
   1.40100 0.62908720000
   1.40300 0.63032430000
   1.40500 0.63132090000
   1.40700 0.63198430000
   1.40800 0.63243570000
   1.41000 0.63285570000
   1.41200 0.63325050000
   1.41400 0.63344620000
   1.41600 0.63337630000
   1.41700 0.63321720000
   1.41900 0.63323670000
   1.42100 0.63354620000
   1.42300 0.63406010000
   1.42500 0.63462150000
   1.42600 0.63507850000
   1.42800 0.63531290000
   1.43000 0.63525860000
   1.43200 0.63491150000
   1.43400 0.63432480000
   1.43500 0.63358910000
   1.43700 0.63280570000
   1.43900 0.63205620000
   1.44100 0.76888810000
   1.44300 0.76831570000
   1.44400 0.76783560000
   1.44600 0.76743480000
   1.44800 0.76709380000
   1.45000 0.76679150000
   1.45200 0.76650620000
   1.45300 0.76621860000
   1.45500 0.76591480000
   1.45700 0.76559910000
   1.45900 0.76530820000
   1.46100 0.76511240000
   1.46200 0.76509430000
   1.46400 0.76530810000
   1.46600 0.76574240000
   1.46800 0.76632190000
   1.47000 0.76693430000
   1.47100 0.76747100000
   1.47300 0.76785760000
   1.47500 0.76807710000
   1.47700 0.76817190000
   1.47900 0.76822480000
   1.48000 0.76833190000
   1.48200 0.76858240000
   1.48400 0.76904670000
   1.48600 0.76977140000
   1.48800 0.77077280000
   1.48900 0.77203280000
   1.49100 0.77349760000
   1.49300 0.77508040000
   1.49500 0.77667290000
   1.49700 0.77815860000
   1.49800 0.77943090000
   1.50000 0.78041520000
   1.50200 0.78109100000
   1.50400 0.78150760000
   1.50600 0.78176280000
   1.50700 0.78196620000
   1.50900 0.78219860000
   1.51100 0.78249860000
   1.51300 0.78285910000
   1.51500 0.78324190000
   1.51600 0.78359380000
   1.51800 0.78386090000
   1.52000 0.78399430000
   1.52200 0.78395140000
   1.52400 0.78370290000
   1.52500 0.78323620000
   1.52700 0.78256190000
   1.52900 0.78171390000
   1.53100 0.78074530000
   1.53300 0.77971580000
   1.53400 0.77867960000
   1.53600 0.77767570000
   1.53800 0.77672670000
   1.54000 0.77583950000
   1.54200 0.77500620000
   1.54300 0.77420950000
   1.54500 0.77343280000
   1.54700 0.77266950000
   1.54900 0.77192330000
   1.55100 0.77121330000
   1.55200 0.77056800000
   1.55400 0.77002190000
   1.55600 0.76961140000
   1.55800 0.76937040000
   1.56000 0.76932900000
   1.56100 0.76949950000
   1.56300 0.76986480000
   1.56500 0.77036990000
   1.56700 0.77094230000
   1.56900 0.77151570000
   1.57000 0.77205090000
   1.57200 0.77253720000
   1.57400 0.77299090000
   1.57600 0.77345190000
   1.57800 0.77397290000
   1.57900 0.77461140000
   1.58100 0.77541200000
   1.58300 0.77638870000
   1.58500 0.77751330000
   1.58700 0.77871810000
   1.58800 0.77991380000
   1.59000 0.78101760000
   1.59200 0.78198000000
   1.59400 0.78278960000
   1.59600 0.78345910000
   1.59700 0.78400290000
   1.59900 0.78442820000
   1.60100 0.78474440000
   1.60300 0.78497000000
   1.60500 0.78512630000
   1.60600 0.78523850000
   1.60800 0.78534000000
   1.61000 0.78547850000
   1.61200 0.78570810000
   1.61400 0.78606810000
   1.61500 0.78656760000
   1.61700 0.78717670000
   1.61900 0.78783940000
   1.62100 0.78849090000
   1.62300 0.78908000000
   1.62400 0.78959060000
   1.62600 0.79004100000
   1.62800 0.79046630000
   1.63000 0.79089480000
   1.63200 0.79133530000
   1.63300 0.79178140000
   1.63500 0.79222190000
   1.63700 0.79265710000
   1.63900 0.79310290000
   1.64100 0.79358950000
   1.64200 0.79414860000
   1.64400 0.79478910000
   1.64600 0.79548340000
   1.64800 0.79616430000
   1.65000 0.79674330000
   1.65100 0.79713570000
   1.65300 0.79728470000
   1.65500 0.79717900000
   1.65700 0.79685290000
   1.65900 0.79638010000
   1.66000 0.79585480000
   1.66200 0.79536570000
   1.66400 0.79497180000
   1.66600 0.79469940000
   1.66800 0.79454000000
   1.66900 0.79446430000
   1.67100 0.79443480000
   1.67300 0.79442050000
   1.67500 0.79440140000
   1.67700 0.79436660000
   1.67800 0.79431580000
   1.68000 0.79425960000
   1.68200 0.79421900000
   1.68400 0.79422100000
   1.68600 0.79428860000
   1.68700 0.79443720000
   1.68900 0.79467190000
   1.69100 0.79498960000
   1.69300 0.79537630000
   1.69500 0.79581000000
   1.69600 0.79626340000
   1.69800 0.79670770000
   1.70000 0.79711860000
   1.70200 0.79747900000
   1.70400 0.79777760000
   1.70500 0.79801000000
   1.70700 0.79817710000
   1.70900 0.79828470000
   1.71100 0.79834090000
   1.71300 0.79835570000
   1.71400 0.79834200000
   1.71600 0.79831380000
   1.71800 0.79828670000
   1.72000 0.79827480000
   1.72200 0.79828810000
   1.72300 0.79833340000
   1.72500 0.79841280000
   1.72700 0.79852320000
   1.72900 0.79865810000
   1.73100 0.79880610000
   1.73200 0.79895380000
   1.73400 0.79908660000
   1.73600 0.79919380000
   1.73800 0.79926860000
   1.74000 0.79930810000
   1.74100 0.79931330000
   1.74300 0.79928950000
   1.74500 0.79924710000
   1.74700 0.79920280000
   1.74900 0.79918050000
   1.75000 0.79920710000
   1.75200 0.79930190000
   1.75400 0.79946380000
   1.75600 0.79966530000
   1.75800 0.79985760000
   1.75900 0.79999100000
   1.76100 0.80003760000
   1.76300 0.80000570000
   1.76500 0.79993900000
   1.76700 0.79989900000
   1.76800 0.79995380000
   1.77000 0.80016570000
   1.77200 0.80058340000
   1.77400 0.80122760000
   1.77600 0.80208150000
   1.77700 0.80308530000
   1.77900 0.80414340000
   1.78100 0.80514720000
   1.78300 0.80600050000
   1.78500 0.80664100000
   1.78600 0.80704380000
   1.78800 0.80722240000
   1.79000 0.80722240000
   1.79200 0.80711620000
   1.79400 0.80699190000
   1.79500 0.80694570000
   1.79700 0.80706240000
   1.79900 0.80739100000
   1.80100 0.80793280000
   1.80300 0.80864670000
   1.80400 0.80946660000
   1.80600 0.81031710000
   1.80800 0.81112180000
   1.81000 0.81181090000
   1.81200 0.81233140000
   1.81300 0.81265750000
   1.81500 0.81280520000
   1.81700 0.81283480000
   1.81900 0.81283430000
   1.82100 0.81289660000
   1.82200 0.81309570000
   1.82400 0.81347530000
   1.82600 0.81403620000
   1.82800 0.81474250000
   1.83000 0.81553200000
   1.83100 0.81634050000
   1.83300 0.81711150000
   1.83500 0.81780100000
   1.83700 0.81838280000
   1.83900 0.81884470000
   1.84000 0.81918610000
   1.84200 0.81941570000
   1.84400 0.81954810000
   1.84600 0.81960670000
   1.84800 0.81962000000
   1.84900 0.81962390000
   1.85100 0.81965900000
   1.85300 0.81976230000
   1.85500 0.81995650000
   1.85700 0.82024460000
   1.85800 0.82060610000
   1.86000 0.82100140000
   1.86200 0.82137800000
   1.86400 0.82168900000
   1.86600 0.82190380000
   1.86700 0.82201330000
   1.86900 0.82202670000
   1.87100 0.82196090000
   1.87300 0.82183810000
   1.87500 0.82168190000
   1.87600 0.82152290000
   1.87800 0.82139810000
   1.88000 0.82135380000
   1.88200 0.80443660000
   1.88400 0.80467430000
   1.88500 0.80505040000
   1.88700 0.80549850000
   1.88900 0.80592850000
   1.89100 0.80627280000
   1.89300 0.80651470000
   1.89400 0.80668810000
   1.89600 0.80685230000
   1.89800 0.80706430000
   1.90000 0.80736140000
   1.90200 0.80775860000
   1.90300 0.80824810000
   1.90500 0.80880430000
   1.90700 0.80939100000
   1.90900 0.80997810000
   1.91100 0.81054810000
   1.91200 0.81109850000
   1.91400 0.81163710000
   1.91600 0.81217090000
   1.91800 0.81269130000
   1.92000 0.81316750000
   1.92100 0.81355800000
   1.92300 0.81383950000
   1.92500 0.81402090000
   1.92700 0.81414380000
   1.92900 0.81426620000
   1.93000 0.81444850000
   1.93200 0.81473850000
   1.93400 0.81515670000
   1.93600 0.81569000000
   1.93800 0.81629960000
   1.93900 0.81694390000
   1.94100 0.81759480000
   1.94300 0.81824150000
   1.94500 0.81888100000
   1.94700 0.81950470000
   1.94800 0.82009390000
   1.95000 0.82061580000
   1.95200 0.82102720000
   1.95400 0.82128330000
   1.95600 0.82135090000
   1.95700 0.82122330000
   1.95900 0.82092570000
   1.96100 0.82051340000
   1.96300 0.82006190000
   1.96500 0.81963910000
   1.96600 0.81927330000
   1.96800 0.81894100000
   1.97000 0.81858050000
   1.97200 0.81813240000
   1.97400 0.81757000000
   1.97500 0.81690950000
   1.97700 0.81618520000
   1.97900 0.81543430000
   1.98100 0.81469090000
   1.98300 0.81398380000
   1.98400 0.81333670000
   1.98600 0.81276340000
   1.98800 0.81226960000
   1.99000 0.81185290000
   1.99200 0.81150860000
   1.99300 0.81122960000
   1.99500 0.81100720000
   1.99700 0.81083380000
   1.99900 0.81070100000
   2.00100 0.81060150000
   2.00200 0.81053000000
   2.00400 0.81048470000
   2.00600 0.81046580000
   2.00800 0.81047290000
   2.01000 0.81050280000
   2.01100 0.81054950000
   2.01300 0.81060280000
   2.01500 0.81065330000
   2.01700 0.81069090000
   2.01900 0.81070330000
   2.02000 0.81068050000
   2.02200 0.81061380000
   2.02400 0.81050290000
   2.02600 0.81035330000
   2.02800 0.81017760000
   2.02900 0.80998900000
   2.03100 0.80980280000
   2.03300 0.80963470000
   2.03500 0.80949950000
   2.03700 0.80941430000
   2.03800 0.80939290000
   2.04000 0.80944440000
   2.04200 0.80956770000
   2.04400 0.80975050000
   2.04600 0.80997090000
   2.04700 0.81020130000
   2.04900 0.81040950000
   2.05100 0.81056180000
   2.05300 0.81062420000
   2.05500 0.81057090000
   2.05600 0.81038990000
   2.05800 0.81008520000
   2.06000 0.80967580000
   2.06200 0.80919000000
   2.06400 0.80866530000
   2.06500 0.80814290000
   2.06700 0.80766330000
   2.06900 0.80725620000
   2.07100 0.80693620000
   2.07300 0.80670340000
   2.07400 0.80654240000
   2.07600 0.80642520000
   2.07800 0.80631520000
   2.08000 0.80617710000
   2.08200 0.80598520000
   2.08300 0.80572750000
   2.08500 0.80540860000
   2.08700 0.80504710000
   2.08900 0.80467720000
   2.09100 0.80434520000
   2.09200 0.80410000000
   2.09400 0.80398340000
   2.09600 0.80402240000
   2.09800 0.80422680000
   2.10000 0.80458810000
   2.10100 0.80508050000
   2.10300 0.80566380000
   2.10500 0.80628910000
   2.10700 0.80690800000
   2.10900 0.80748050000
   2.11000 0.80797760000
   2.11200 0.80838330000
   2.11400 0.80869720000
   2.11600 0.80893230000
   2.11800 0.80911090000
   2.11900 0.80925620000
   2.12100 0.80939100000
   2.12300 0.80953010000
   2.12500 0.80968290000
   2.12700 0.80984950000
   2.12800 0.81002140000
   2.13000 0.81018330000
   2.13200 0.81031720000
   2.13400 0.81040670000
   2.13600 0.81043950000
   2.13700 0.81041440000
   2.13900 0.81034670000
   2.14100 0.81027010000
   2.14300 0.81023960000
   2.14500 0.81032530000
   2.14600 0.81055200000
   2.14800 0.81082240000
   2.15000 0.81097620000
   2.15200 0.81092950000
   2.15400 0.81073470000
   2.15500 0.81050530000
   2.15700 0.81031240000
   2.15900 0.81018190000
   2.16100 0.81011090000
   2.16300 0.81008040000
   2.16400 0.81007230000
   2.16600 0.81007000000
   2.16800 0.81005810000
   2.17000 0.81002340000
   2.17200 0.80995380000
   2.17300 0.80983910000
   2.17500 0.80966620000
   2.17700 0.80941470000
   2.17900 0.80905670000
   2.18100 0.80855240000
   2.18200 0.80785810000
   2.18400 0.80698280000
   2.18600 0.80606040000
   2.18800 0.80528760000
   2.19000 0.80478090000
   2.19100 0.80451670000
   2.19300 0.80440520000
   2.19500 0.80439380000
   2.19700 0.80445810000
   2.19900 0.80458100000
   2.20000 0.80473470000
   2.20200 0.80487710000
   2.20400 0.80496620000
   2.20600 0.80497570000
   2.20800 0.80490050000
   2.20900 0.80475430000
   2.21100 0.80457140000
   2.21300 0.80439910000
   2.21500 0.80428530000
   2.21700 0.80426290000
   2.21800 0.80434090000
   2.22000 0.80450340000
   2.22200 0.80471330000
   2.22400 0.80492380000
   2.22600 0.80509000000
   2.22700 0.80517620000
   2.22900 0.80515770000
   2.23100 0.80502190000
   2.23300 0.80476860000
   2.23500 0.80441430000
   2.23600 0.80399430000
   2.23800 0.80355990000
   2.24000 0.80317090000
   2.24200 0.80288570000
   2.24400 0.80275420000
   2.24500 0.80281570000
   2.24700 0.80309620000
   2.24900 0.80359610000
   2.25100 0.80427900000
   2.25300 0.80507480000
   2.25400 0.80589950000
   2.25600 0.80667860000
   2.25800 0.80735390000
   2.26000 0.80788100000
   2.26200 0.80822960000
   2.26300 0.80839050000
   2.26500 0.80839340000
   2.26700 0.80831530000
   2.26900 0.80825770000
   2.27100 0.80830760000
   2.27200 0.80850810000
   2.27400 0.80885230000
   2.27600 0.80929230000
   2.27800 0.80974760000
   2.28000 0.81012380000
   2.28100 0.81033330000
   2.28300 0.81030570000
   2.28500 0.80999090000
   2.28700 0.80936910000
   2.28900 0.80846420000
   2.29000 0.80735240000
   2.29200 0.80615520000
   2.29400 0.80502520000
   2.29600 0.80411760000
   2.29800 0.80355140000
   2.29900 0.80336900000
   2.30100 0.80352670000
   2.30300 0.80391240000
   2.30500 0.80436950000
   2.30700 0.80473520000
   2.30800 0.80487950000
   2.31000 0.80474000000
   2.31200 0.80433240000
   2.31400 0.80373620000
   2.31600 0.80307050000
   2.31700 0.80245710000
   2.31900 0.80199140000
   2.32100 0.80172900000
   2.32300 0.80168510000
   2.32500 0.80184000000
   2.32600 0.80214670000
   2.32800 0.80253810000
   2.33000 0.80293060000
   2.33200 0.80322720000
   2.33400 0.80333660000
   2.33500 0.80321330000
   2.33700 0.80288670000
   2.33900 0.80245090000
   2.34100 0.80202140000
   2.34300 0.80169560000
   2.34400 0.80153710000
   2.34600 0.80157470000
   2.34800 0.80180430000
   2.35000 0.80219050000
   2.35200 0.80268290000
   2.35300 0.80323040000
   2.35500 0.80379470000
   2.35700 0.80435100000
   2.35900 0.80488760000
   2.36100 0.80540670000
   2.36200 0.80591940000
   2.36400 0.80643860000
   2.36600 0.80697100000
   2.36800 0.80751530000
   2.37000 0.80805900000
   2.37100 0.80858530000
   2.37300 0.80907150000
   2.37500 0.80949490000
   2.37700 0.80983340000
   2.37900 0.81006770000
   2.38000 0.81018620000
   2.38200 0.81017620000
   2.38400 0.81001670000
   2.38600 0.80967050000
   2.38800 0.80909000000
   2.38900 0.80824290000
   2.39100 0.80714950000
   2.39300 0.80591140000
   2.39500 0.80472050000
   2.39700 0.80381380000
   2.39800 0.80332760000
   2.40000 0.80315190000
   2.40200 0.80299850000
   2.40400 0.80265340000
   2.40600 0.80217050000
   2.40700 0.80183190000
   2.40900 0.80193620000
   2.41100 0.80253240000
   2.41300 0.80337760000
   2.41500 0.80416190000
   2.41600 0.80481670000
   2.41800 0.80550950000
   2.42000 0.80642570000
   2.42200 0.80761810000
   2.42400 0.80905470000
   2.42500 0.81070000000
   2.42700 0.81252480000
   2.42900 0.81446770000
   2.43100 0.81640250000
   2.43300 0.81812390000
   2.43400 0.81939240000
   2.43600 0.82007960000
   2.43800 0.82031520000
   2.44000 0.82041950000
   2.44200 0.82064850000
   2.44300 0.82099380000
   2.44500 0.82122050000
   2.44700 0.82107520000
   2.44900 0.82054820000
   2.45100 0.81991420000
   2.45200 0.81950760000
   2.45400 0.81941010000
   2.45600 0.81945430000
   2.45800 0.81945000000
   2.46000 0.81934010000
   2.46100 0.81916060000
   2.46300 0.81895480000
   2.46500 0.81873430000
   2.46700 0.81847960000
   2.46900 0.81815380000
   2.47000 0.81772760000
   2.47200 0.81719610000
   2.47400 0.81658700000
   2.47600 0.81596140000
   2.47800 0.81540620000
   2.47900 0.81499900000
   2.48100 0.81476140000
   2.48300 0.81461860000
   2.48500 0.81438720000
   2.48700 0.81385620000
   2.48800 0.81296530000
   2.49000 0.81187910000
   2.49200 0.81080760000
   2.49400 0.80967820000
   2.49600 0.80808430000
   2.49700 0.80565620000
   2.49900 0.80251580000
   2.50100 0.79930380000
   2.50300 0.79666900000
   2.50500 0.79478290000
   2.50600 0.79323430000
   2.50800 0.79147620000
   2.51000 0.78944000000
   2.51200 0.78747330000
   2.51400 0.78559910000
   2.51500 0.78345710000
   2.51700 0.78082470000
   2.51900 0.77764530000
   2.52100 0.77403240000
   2.52300 0.77082950000
   2.52400 0.76870960000
   2.52600 0.76653010000
   2.52800 0.76345910000
   2.53000 0.75967950000
   2.53200 0.75557190000
   2.53300 0.74998670000
   2.53500 0.74267480000
   2.53700 0.73390570000
   2.53900 0.72464090000
   2.54100 0.71665050000
   2.54200 0.71014570000
   2.54400 0.70333190000
   2.54600 0.69528040000
   2.54800 0.68626140000
   2.55000 0.67835660000
   2.55100 0.67109950000
   2.55300 0.66494620000
   2.55500 0.65707380000
   2.55700 0.64700100000
   2.55900 0.63533710000
   2.56000 0.62473290000
   2.56200 0.61474620000
   2.56400 0.60599910000
   2.56600 0.59804000000
   2.56800 0.58931150000
   2.56900 0.57904430000
   2.57100 0.56921380000
   2.57300 0.56781090000
   2.57500 0.56355820000
   2.57700 0.55830890000
   2.57800 0.54974890000
   2.58000 0.53403710000
   2.58200 0.52938290000
   2.58400 0.54043800000
   2.58600 0.52417200000
   2.58700 0.49788330000
   2.58900 0.49349670000
   2.59100 0.51985000000
