micron
perone
   2.13000 0.00000000000
   2.13100 0.00000000000
   2.13200 0.00000000000
   2.13300 0.00000000000
   2.13400 0.00000000000
   2.13500 0.00000000000
   2.13600 0.00000000000
   2.13700 0.00000000000
   2.13800 0.00000000000
   2.13900 0.00000000000
   2.14000 0.00000000000
   2.14100 0.00000000000
   2.14200 0.00000000000
   2.14300 0.00000000000
   2.14400 0.00000000000
   2.14500 0.00000000000
   2.14600 0.00000000000
   2.14700 0.00000000000
   2.14800 0.00000000000
   2.14900 0.00000000000
   2.15000 0.00000000000
   2.15100 0.00000000000
   2.15200 0.00000000000
   2.15300 0.00000000000
   2.15400 0.00000000000
   2.15500 0.00000000000
   2.15600 0.00000000000
   2.15700 0.00000000000
   2.15800 0.00000000000
   2.15900 0.00000000000
   2.16000 0.00000000000
   2.16100 0.00000000000
   2.16200 0.00000000000
   2.16300 0.00000000000
   2.16400 0.00000000000
   2.16500 0.00000000000
   2.16600 0.00000000000
   2.16700 0.00000000000
   2.16800 0.00000000000
   2.16900 0.00000000000
   2.17000 0.00000000000
   2.17100 0.00000000000
   2.17200 0.00000000000
   2.17300 0.00000000000
   2.17400 0.00000000000
   2.17500 0.00000000000
   2.17600 0.00000000000
   2.17700 0.00000000000
   2.17800 0.00000000000
   2.17900 0.00000000000
   2.18000 0.00000000000
   2.18100 0.00000000000
   2.18200 0.00000000000
   2.18300 0.00000000000
   2.18400 0.00000000000
   2.18500 0.00000000000
   2.18600 0.00000000000
   2.18700 0.00000000000
   2.18800 0.00000000000
   2.18900 0.00000000000
   2.19000 0.00000000000
   2.19100 0.00000000000
   2.19200 0.00000000000
   2.19300 0.00000000000
   2.19400 0.00000000000
   2.19500 0.00000000000
   2.19600 0.00000000000
   2.19700 0.00000000000
   2.19800 0.00000000000
   2.19900 0.00000000000
   2.20000 0.00000000000
   2.20100 0.00000000000
   2.20200 0.00000000000
   2.20300 0.00000000000
   2.20400 0.00000000000
   2.20500 0.00000000000
   2.20600 0.00000000000
   2.20700 0.00000000000
   2.20800 0.00000000000
   2.20900 0.00000000000
   2.21000 0.00000000000
   2.21100 0.00000000000
   2.21200 0.00164129823
   2.21300 0.00410505295
   2.21400 0.00941962540
   2.21500 0.00626730382
   2.21600 0.01560663223
   2.21700 0.01549165010
   2.21800 0.02286190271
   2.21900 0.03088904381
   2.22000 0.04017104149
   2.22100 0.06069886208
   2.22200 0.07325153828
   2.22300 0.09104803085
   2.22400 0.10796654700
   2.22500 0.12818212510
   2.22600 0.15331079480
   2.22700 0.18077621460
   2.22800 0.20601430890
   2.22900 0.24684324260
   2.23000 0.27902912140
   2.23100 0.30690517430
   2.23200 0.35239055630
   2.23300 0.38286647800
   2.23400 0.42391811370
   2.23500 0.45435054780
   2.23600 0.49441711430
   2.23700 0.52577026370
   2.23800 0.55396987920
   2.23900 0.58579975130
   2.24000 0.61414211270
   2.24100 0.64613983150
   2.24200 0.67009475710
   2.24300 0.68509895320
   2.24400 0.70116493230
   2.24500 0.71433311460
   2.24600 0.72737136840
   2.24700 0.74201515200
   2.24800 0.75392417910
   2.24900 0.72174568180
   2.25000 0.75722656250
   2.25100 0.73814888000
   2.25200 0.72017555240
   2.25300 0.71666641240
   2.25400 0.68310874940
   2.25500 0.63578235630
   2.25600 0.63286567690
   2.25700 0.58867145540
   2.25800 0.57490547180
   2.25900 0.54724002840
   2.26000 0.48841812130
   2.26100 0.46539875030
   2.26200 0.40727539060
   2.26300 0.37145187380
   2.26400 0.32724594120
   2.26500 0.27778335570
   2.26600 0.24228477480
   2.26700 0.22885976790
   2.26800 0.16743741990
   2.26900 0.15442250250
   2.27000 0.13377660750
   2.27100 0.13307230000
   2.27200 0.08262816429
   2.27300 0.06995953083
   2.27400 0.07023228168
   2.27500 0.05612409115
   2.27600 0.04195759296
   2.27700 0.04354804993
   2.27800 0.02459631205
   2.27900 0.02364774466
   2.28000 0.00000000000
   2.28100 0.00000000000
   2.28200 0.00000000000
   2.28300 0.00000000000
   2.28400 0.00000000000
   2.28500 0.00000000000
   2.28600 0.00000000000
   2.28700 0.00000000000
   2.28800 0.00000000000
   2.28900 0.00000000000
   2.29000 0.00000000000
   2.29100 0.00000000000
   2.29200 0.00000000000
   2.29300 0.00000000000
   2.29400 0.00000000000
   2.29500 0.00000000000
   2.29600 0.00000000000
   2.29700 0.00000000000
   2.29800 0.00000000000
   2.29900 0.00000000000
   2.30000 0.00000000000
   2.30100 0.00000000000
   2.30200 0.00000000000
   2.30300 0.00000000000
   2.30400 0.00000000000
   2.30500 0.00000000000
   2.30600 0.00000000000
   2.30700 0.00000000000
   2.30800 0.00000000000
   2.30900 0.00000000000
   2.31000 0.00000000000
   2.31100 0.00000000000
   2.31200 0.00000000000
   2.31300 0.00000000000
   2.31400 0.00000000000
   2.31500 0.00000000000
   2.31600 0.00000000000
   2.31700 0.00000000000
   2.31800 0.00000000000
   2.31900 0.00000000000
   2.32000 0.00000000000
   2.32100 0.00000000000
   2.32200 0.00000000000
   2.32300 0.00000000000
   2.32400 0.00000000000
   2.32500 0.00000000000
   2.32600 0.00000000000
   2.32700 0.00000000000
   2.32800 0.00000000000
   2.32900 0.00000000000
   2.33000 0.00000000000
   2.33100 0.00000000000
   2.33200 0.00000000000
   2.33300 0.00000000000
   2.33400 0.00000000000
   2.33500 0.00000000000
   2.33600 0.00000000000
   2.33700 0.00000000000
   2.33800 0.00000000000
   2.33900 0.00000000000
   2.34000 0.00000000000
   2.34100 0.00000000000
   2.34200 0.00000000000
   2.34300 0.00000000000
   2.34400 0.00000000000
   2.34500 0.00000000000
   2.34600 0.00000000000
   2.34700 0.00000000000
   2.34800 0.00000000000
   2.34900 0.00000000000
   2.35000 0.00000000000
   2.35100 0.00000000000
   2.35200 0.00000000000
   2.35300 0.00000000000
   2.35400 0.00000000000
   2.35500 0.00000000000
   2.35600 0.00000000000
   2.35700 0.00000000000
   2.35800 0.00000000000
   2.35900 0.00000000000
   2.36000 0.00000000000
