micron
perone
   1.36500 0.0
   1.36600 0.0
   1.36700 0.0
   1.36800 0.0
   1.36900 0.0
   1.37000 0.0
   1.37100 0.0
   1.37200 0.0
   1.37300 0.0
   1.37400 0.0
   1.37500 0.0
   1.37600 0.0
   1.37700 0.0
   1.37800 0.0
   1.37900 0.0
   1.38000 0.0
   1.38100 0.0
   1.38200 -0.00009566547
   1.38300 0.00003859251
   1.38400 -0.00005797547
   1.38500 0.00003424207
   1.38600 0.00004213329
   1.38700 -0.00004898392
   1.38800 -0.00012298780
   1.38900 -0.00006283727
   1.39000 -0.00001965335
   1.39100 -0.00000863232
   1.39200 -0.00001215793
   1.39300 -0.00010943647
   1.39400 -0.00007391635
   1.39500 0.00008590097
   1.39600 -0.00000117946
   1.39700 0.00006392654
   1.39800 0.00003174031
   1.39900 0.00004612199
   1.40000 0.00010269048
   1.40100 0.00001336899
   1.40200 -0.00001220540
   1.40300 0.00005711016
   1.40400 -0.00007178694
   1.40500 0.00010453256
   1.40600 0.00006083217
   1.40700 0.00004275154
   1.40800 0.00005369532
   1.40900 0.00006083513
   1.41000 0.00016478686
   1.41100 0.00014030413
   1.41200 0.00011180335
   1.41300 0.00014802431
   1.41400 0.00016214062
   1.41500 0.00013998663
   1.41600 0.00014005884
   1.41700 0.00009745014
   1.41800 0.00005759540
   1.41900 0.00014438937
   1.42000 0.00012998283
   1.42100 0.00024901371
   1.42200 0.00014424202
   1.42300 0.00016952110
   1.42400 0.00017308919
   1.42500 0.00022358956
   1.42600 0.00018051296
   1.42700 0.00036266364
   1.42800 0.00045097239
   1.42900 0.00030431047
   1.43000 0.00044418156
   1.43100 0.00052300274
   1.43200 0.00057342630
   1.43300 0.00064616032
   1.43400 0.00075127237
   1.43500 0.00083069101
   1.43600 0.00108009882
   1.43700 0.00129694149
   1.43800 0.00146453843
   1.43900 0.00167585358
   1.44000 0.00190699756
   1.44100 0.00222559348
   1.44200 0.00254252821
   1.44300 0.00287897199
   1.44400 0.00318364650
   1.44500 0.00356471479
   1.44600 0.00417827129
   1.44700 0.00460754424
   1.44800 0.00495939374
   1.44900 0.00548531413
   1.45000 0.00597553551
   1.45100 0.00647248209
   1.45200 0.00700172484
   1.45300 0.00750221014
   1.45400 0.00814440966
   1.45500 0.00873466194
   1.45600 0.00943877161
   1.45700 0.01014212251
   1.45800 0.01085044861
   1.45900 0.01164517879
   1.46000 0.01269015074
   1.46100 0.01385599971
   1.46200 0.01511703491
   1.46300 0.01675617099
   1.46400 0.01872128844
   1.46500 0.02092047691
   1.46600 0.02400533915
   1.46700 0.02778579712
   1.46800 0.03171491146
   1.46900 0.03758835077
   1.47000 0.04433613300
   1.47100 0.05355713367
   1.47200 0.06396394253
   1.47300 0.07607983589
   1.47400 0.09094573975
   1.47500 0.10846376420
   1.47600 0.12822029110
   1.47700 0.15034517290
   1.47800 0.17556640630
   1.47900 0.20001850130
   1.48000 0.22932107930
   1.48100 0.25889963150
   1.48200 0.28967535020
   1.48300 0.32073040010
   1.48400 0.35239009860
   1.48500 0.38313560490
   1.48600 0.41376571660
   1.48700 0.44469318390
   1.48800 0.47299957280
   1.48900 0.49980083470
   1.49000 0.52567474370
   1.49100 0.54817794800
   1.49200 0.56913631440
   1.49300 0.59001964570
   1.49400 0.60801876070
   1.49500 0.62424808500
   1.49600 0.64111816410
   1.49700 0.65599189760
   1.49800 0.67014312740
   1.49900 0.68506225590
   1.50000 0.69933174130
   1.50100 0.71295784000
   1.50200 0.72807640080
   1.50300 0.74301094060
   1.50400 0.75704353330
   1.50500 0.77200073240
   1.50600 0.78682579040
   1.50700 0.80095115660
   1.50800 0.81541023250
   1.50900 0.83004577640
   1.51000 0.84329261780
   1.51100 0.85604064940
   1.51200 0.86788864140
   1.51300 0.87878021240
   1.51400 0.88875045780
   1.51500 0.89828849790
   1.51600 0.90655860900
   1.51700 0.91326072690
   1.51800 0.91956451420
   1.51900 0.92551834110
   1.52000 0.93070137020
   1.52100 0.93535415650
   1.52200 0.93817100520
   1.52300 0.94099899290
   1.52400 0.94467506410
   1.52500 0.94651916500
   1.52600 0.94911262510
   1.52700 0.95060226440
   1.52800 0.95280525210
   1.52900 0.95341804500
   1.53000 0.95522369380
   1.53100 0.95773056030
   1.53200 0.95684936520
   1.53300 0.95892845150
   1.53400 0.95929870610
   1.53500 0.96046707150
   1.53600 0.96112358090
   1.53700 0.96233352660
   1.53800 0.96137176510
   1.53900 0.96207099910
   1.54000 0.96232192990
   1.54100 0.96205505370
   1.54200 0.96147933960
   1.54300 0.96151504520
   1.54400 0.96081665040
   1.54500 0.96061744690
   1.54600 0.96066040040
   1.54700 0.95985092160
   1.54800 0.95870674130
   1.54900 0.95842834470
   1.55000 0.95676330570
   1.55100 0.95687522890
   1.55200 0.95588676450
   1.55300 0.95494636540
   1.55400 0.95479568480
   1.55500 0.95379623410
   1.55600 0.95298370360
   1.55700 0.95221931460
   1.55800 0.95208435060
   1.55900 0.95067970280
   1.56000 0.95175819400
   1.56100 0.95121276860
   1.56200 0.95130584720
   1.56300 0.95015159610
   1.56400 0.95069374080
   1.56500 0.95036788940
   1.56600 0.95093711850
   1.56700 0.95148071290
   1.56800 0.95210876460
   1.56900 0.95189788820
   1.57000 0.95284233090
   1.57100 0.95426872250
   1.57200 0.95492057800
   1.57300 0.95561454770
   1.57400 0.95656021120
   1.57500 0.95804283140
   1.57600 0.95711952210
   1.57700 0.95920631410
   1.57800 0.95972602840
   1.57900 0.96165641780
   1.58000 0.96121803280
   1.58100 0.96289245610
   1.58200 0.96377555850
   1.58300 0.96487838750
   1.58400 0.96535972600
   1.58500 0.96678855900
   1.58600 0.96732452390
   1.58700 0.96812843320
   1.58800 0.96897758480
   1.58900 0.96972213750
   1.59000 0.97125312810
   1.59100 0.97091667180
   1.59200 0.97245353700
   1.59300 0.97216018680
   1.59400 0.97361305240
   1.59500 0.97409782410
   1.59600 0.97490425110
   1.59700 0.97457160950
   1.59800 0.97484443660
   1.59900 0.97486862180
   1.60000 0.97571762080
   1.60100 0.97587760930
   1.60200 0.97651039120
   1.60300 0.97752937320
   1.60400 0.97544296260
   1.60500 0.97621124270
   1.60600 0.97561828610
   1.60700 0.97604835510
   1.60800 0.97544548030
   1.60900 0.97586662290
   1.61000 0.97475402830
   1.61100 0.97472679140
   1.61200 0.97390243530
   1.61300 0.97416450500
   1.61400 0.97266227720
   1.61500 0.97374198910
   1.61600 0.97206054690
   1.61700 0.97206336980
   1.61800 0.97164024350
   1.61900 0.97084930420
   1.62000 0.97039962770
   1.62100 0.97006530760
   1.62200 0.96944465640
   1.62300 0.96891716000
   1.62400 0.96867561340
   1.62500 0.96784225460
   1.62600 0.96760353090
   1.62700 0.96713188170
   1.62800 0.96671028140
   1.62900 0.96624351500
   1.63000 0.96603126530
   1.63100 0.96517898560
   1.63200 0.96521141050
   1.63300 0.96468948360
   1.63400 0.96453964230
   1.63500 0.96400436400
   1.63600 0.96379776000
   1.63700 0.96401283260
   1.63800 0.96403366090
   1.63900 0.96351387020
   1.64000 0.96321807860
   1.64100 0.96387443540
   1.64200 0.96309249880
   1.64300 0.96330986020
   1.64400 0.96392715450
   1.64500 0.96358985900
   1.64600 0.96425315860
   1.64700 0.96374122620
   1.64800 0.96426162720
   1.64900 0.96405418400
   1.65000 0.96441497800
   1.65100 0.96475166320
   1.65200 0.96408172610
   1.65300 0.96479400630
   1.65400 0.96523071290
   1.65500 0.96566307070
   1.65600 0.96534332280
   1.65700 0.96557342530
   1.65800 0.96545280460
   1.65900 0.96589859010
   1.66000 0.96544853210
   1.66100 0.96562118530
   1.66200 0.96580627440
   1.66300 0.96505325320
   1.66400 0.96590507510
   1.66500 0.96535339360
   1.66600 0.96572998050
   1.66700 0.96629127500
   1.66800 0.96588165280
   1.66900 0.96564414980
   1.67000 0.96597091670
   1.67100 0.96661819460
   1.67200 0.96638580320
   1.67300 0.96690826420
   1.67400 0.96628417970
   1.67500 0.96733421330
   1.67600 0.96820953370
   1.67700 0.96818054200
   1.67800 0.96880104060
   1.67900 0.96937995910
   1.68000 0.97019874570
   1.68100 0.97000045780
   1.68200 0.97089859010
   1.68300 0.97132972720
   1.68400 0.97213035580
   1.68500 0.97216346740
   1.68600 0.97344924930
   1.68700 0.97360626220
   1.68800 0.97447113040
   1.68900 0.97414573670
   1.69000 0.97453407290
   1.69100 0.97439247130
   1.69200 0.97473731990
   1.69300 0.97459091190
   1.69400 0.97469284060
   1.69500 0.97488632200
   1.69600 0.97407203670
   1.69700 0.97376853940
   1.69800 0.97363204960
   1.69900 0.97313980100
   1.70000 0.97235794070
   1.70100 0.97226081850
   1.70200 0.97145011900
   1.70300 0.97100128170
   1.70400 0.97021850590
   1.70500 0.97029434200
   1.70600 0.96937477110
   1.70700 0.96960792540
   1.70800 0.96891075130
   1.70900 0.96930458070
   1.71000 0.96869522090
   1.71100 0.96933868410
   1.71200 0.96927139280
   1.71300 0.96904846190
   1.71400 0.96940139770
   1.71500 0.96965385440
   1.71600 0.97063102720
   1.71700 0.97003616330
   1.71800 0.97125503540
   1.71900 0.97116355900
   1.72000 0.97202720640
   1.72100 0.97162422180
   1.72200 0.97218093870
   1.72300 0.97183036800
   1.72400 0.97213737490
   1.72500 0.97195861820
   1.72600 0.97163543700
   1.72700 0.97022010800
   1.72800 0.97016136170
   1.72900 0.96870925900
   1.73000 0.96761146550
   1.73100 0.96579666140
   1.73200 0.96465423580
   1.73300 0.96229240420
   1.73400 0.95966590880
   1.73500 0.95782485960
   1.73600 0.95582336430
   1.73700 0.95285171510
   1.73800 0.95064445500
   1.73900 0.94736221310
   1.74000 0.94456871030
   1.74100 0.94188026430
   1.74200 0.93908752440
   1.74300 0.93658172610
   1.74400 0.93314224240
   1.74500 0.93021003720
   1.74600 0.92629470830
   1.74700 0.92284187320
   1.74800 0.91911170960
   1.74900 0.91406929020
   1.75000 0.90837638850
   1.75100 0.90224685670
   1.75200 0.89461776730
   1.75300 0.88479324340
   1.75400 0.87583366390
   1.75500 0.86280899050
   1.75600 0.84899559020
   1.75700 0.83429336550
   1.75800 0.81599227910
   1.75900 0.79613311770
   1.76000 0.77523841860
   1.76100 0.75055946350
   1.76200 0.72500053410
   1.76300 0.69845207210
   1.76400 0.66981216430
   1.76500 0.63839244840
   1.76600 0.60875545500
   1.76700 0.57525779720
   1.76800 0.54115135190
   1.76900 0.50835727690
   1.77000 0.47618415830
   1.77100 0.44088050840
   1.77200 0.40807384490
   1.77300 0.37676750180
   1.77400 0.34491367340
   1.77500 0.31475841520
   1.77600 0.28754011150
   1.77700 0.25953092580
   1.77800 0.23455467220
   1.77900 0.21108078000
   1.78000 0.18901426320
   1.78100 0.16938793180
   1.78200 0.15154830930
   1.78300 0.13494110110
   1.78400 0.12035614970
   1.78500 0.10663837430
   1.78600 0.09522252083
   1.78700 0.08444780350
   1.78800 0.07549387932
   1.78900 0.06732913971
   1.79000 0.06000617027
   1.79100 0.05379621983
   1.79200 0.04819279671
   1.79300 0.04317710876
   1.79400 0.03900083542
   1.79500 0.03501201391
   1.79600 0.03299449682
   1.79700 0.02884033680
   1.79800 0.02672672749
   1.79900 0.02393983126
   1.80000 0.02205258131
   1.80100 0.02059710264
   1.80200 0.01906195879
   1.80300 0.01709559560
   1.80400 0.01592911959
   1.80500 0.01460000000
   1.80600 0.01354544282
   1.80700 0.01251106739
   1.80800 0.01213313818
   1.80900 0.01049709201
   1.81000 0.01023965001
   1.81100 0.00948360741
   1.81200 0.00853921950
   1.81300 0.00807962835
   1.81400 0.00811548829
   1.81500 0.00686885834
   1.81600 0.00694651306
   1.81700 0.00594110668
   1.81800 0.00602275133
   1.81900 0.00483444423
   1.82000 0.00492838353
   1.82100 0.00515993714
   1.82200 0.00412459612
   1.82300 0.00338747293
   1.82400 0.00406162918
   1.82500 0.00304605991
   1.82600 0.00277909577
   1.82700 0.00247352436
   1.82800 0.00452638596
   1.82900 0.00190742031
   1.83000 0.00161992490
   1.83100 0.00207740039
   1.83200 0.00080547035
   1.83300 0.00088052578
   1.83400 0.00375760406
   1.83500 -0.00091053002
   1.83600 0.00108593158
   1.83700 0.00109227210
   1.83800 0.00128784448
   1.83900 0.00116365925
   1.84000 0.00102024034
   1.84100 0.00087543800
   1.84200 0.00065573625
   1.84300 0.00065653548
   1.84400 0.00048086848
   1.84500 0.00048127845
   1.84600 0.00071144693
   1.84700 0.00047089774
   1.84800 0.00030521961
   1.84900 0.00013890493
   1.85000 0.00031422168
   1.85100 -0.00006466069
   1.85200 0.00012086650
   1.85300 -0.00004660533
   1.85400 0.00004680103
   1.85500 0.00012232130
   1.85600 -0.00013332496
   1.85700 -0.00019173786
   1.85800 0.00004733399
   1.85900 -0.00026245026
   1.86000 0.00016450457
   1.86100 0.00023404432
   1.86200 -0.00003094384
   1.86300 -0.00015999211
   1.86400 -0.00018074360
   1.86500 -0.00013169991
   1.86600 -0.00009202674
   1.86700 -0.00008218458
   1.86800 -0.00014269166
   1.86900 -0.00011242876
   1.87000 -0.00046436999
   1.87100 -0.00023229530
   1.87200 0.00056822598
   1.87300 0.00003864238
   1.87400 -0.00020956000
   1.87500 -0.00007993510
   1.87600 -0.00000067000
   1.87700 -0.00015672073
   1.87800 -0.00013620846
   1.87900 0.0
   1.88000 0.0
