micron
perone
   1.35000 0.00000000000
   1.35200 0.00000000000
   1.35400 0.00000000000
   1.35600 0.00000000000
   1.35800 0.00000000000
   1.36000 0.00000000000
   1.36200 0.00000000000
   1.36400 0.00000000821
   1.36600 0.00000004184
   1.36800 0.00000021771
   1.37000 0.00000047540
   1.37200 0.00000091480
   1.37400 0.00000194311
   1.37600 0.00000372763
   1.37800 0.00000677368
   1.38000 0.00001207010
   1.38200 0.00002106320
   1.38400 0.00003579190
   1.38600 0.00005944060
   1.38800 0.00009717670
   1.39000 0.00015566000
   1.39200 0.00024467800
   1.39400 0.00037817000
   1.39600 0.00057515700
   1.39800 0.00086155200
   1.40000 0.00127242700
   1.40200 0.00185280800
   1.40400 0.00266224400
   1.40600 0.00377664600
   1.40800 0.00529241500
   1.41000 0.00732722100
   1.41200 0.01002543600
   1.41400 0.01355975800
   1.41600 0.01812992100
   1.41800 0.02396601900
   1.42000 0.03132311000
   1.42200 0.04047933600
   1.42400 0.05172703600
   1.42600 0.06536490500
   1.42800 0.08168463900
   1.43000 0.10095521400
   1.43200 0.12340702200
   1.43400 0.14921377800
   1.43600 0.17847490000
   1.43800 0.21119947000
   1.44000 0.24729269700
   1.44200 0.28654853400
   1.44400 0.32864664500
   1.44600 0.37315431800
   1.44800 0.41954041000
   1.45000 0.46718978500
   1.45200 0.51542911700
   1.45400 0.56355317500
   1.45600 0.61085647000
   1.45800 0.65666378300
   1.46000 0.70035911900
   1.46200 0.74141102200
   1.46400 0.77939286700
   1.46600 0.81399480100
   1.46800 0.84502890500
   1.47000 0.87242735400
   1.47200 0.89623405200
   1.47400 0.91658986800
   1.47600 0.93371460900
   1.47800 0.94788741100
   1.48000 0.95942540400
   1.48200 0.96866578100
   1.48400 0.97594634900
   1.48600 0.98159147400
   1.48800 0.98590278300
   1.49000 0.98915034400
   1.49200 0.99156919500
   1.49400 0.99335787000
   1.49600 0.99467920200
   1.49800 0.99566351100
   1.50000 0.99641308600
   1.50200 0.99700503400
   1.50400 0.99749533400
   1.50600 0.99792626100
   1.50800 0.99832486500
   1.51000 0.99871057500
   1.51200 0.99909536700
   1.51400 0.99948568700
   1.51600 0.99988397500
   1.51800 1.00028934700
   1.52000 1.00069872800
   1.52200 1.00110699200
   1.52400 1.00150775300
   1.52600 1.00189280800
   1.52800 1.00225301000
   1.53000 1.00257928900
   1.53200 1.00286348600
   1.53400 1.00309765200
   1.53600 1.00327530400
   1.53800 1.00339404000
   1.54000 1.00345187200
   1.54200 1.00345079900
   1.54400 1.00339398300
   1.54600 1.00328799100
   1.54800 1.00313922400
   1.55000 1.00295529400
   1.55200 1.00274514700
   1.55400 1.00251645100
   1.55600 1.00227622700
   1.55800 1.00202989700
   1.56000 1.00178152000
   1.56200 1.00153368600
   1.56400 1.00128628600
   1.56600 1.00103781200
   1.56800 1.00078679000
   1.57000 1.00052866500
   1.57200 1.00025892000
   1.57400 0.99997248200
   1.57600 0.99966448300
   1.57800 0.99932912700
   1.58000 0.99896220400
   1.58200 0.99856055200
   1.58400 0.99812193700
   1.58600 0.99764556100
   1.58800 0.99713290700
   1.59000 0.99658732000
   1.59200 0.99601403300
   1.59400 0.99541923300
   1.59600 0.99481127200
   1.59800 0.99419876000
   1.60000 0.99359085600
   1.60200 0.99299604000
   1.60400 0.99242090200
   1.60600 0.99187260100
   1.60800 0.99135644300
   1.61000 0.99087452400
   1.61200 0.99042833400
   1.61400 0.99001734300
   1.61600 0.98963928400
   1.61800 0.98929103600
   1.62000 0.98896851100
   1.62200 0.98866668300
   1.62400 0.98838111800
   1.62600 0.98810805300
   1.62800 0.98784195200
   1.63000 0.98758157200
   1.63200 0.98732431000
   1.63400 0.98706931800
   1.63600 0.98681796600
   1.63800 0.98657219800
   1.64000 0.98633577300
   1.64200 0.98611238700
   1.64400 0.98590680700
   1.64600 0.98572448300
   1.64800 0.98557023700
   1.65000 0.98544941900
   1.65200 0.98536450800
   1.65400 0.98531936900
   1.65600 0.98531476200
   1.65800 0.98535132000
   1.66000 0.98542782800
   1.66200 0.98554260500
   1.66400 0.98569269200
   1.66600 0.98587468800
   1.66800 0.98608455000
   1.67000 0.98631866400
   1.67200 0.98657271700
   1.67400 0.98684245500
   1.67600 0.98712380900
   1.67800 0.98741193500
   1.68000 0.98770246300
   1.68200 0.98799014300
   1.68400 0.98826944500
   1.68600 0.98853446600
   1.68800 0.98877849900
   1.69000 0.98899538200
   1.69200 0.98917824200
   1.69400 0.98932158000
   1.69600 0.98941956000
   1.69800 0.98946810400
   1.70000 0.98946624000
   1.70200 0.98941278700
   1.70400 0.98931050400
   1.70600 0.98916359500
   1.70800 0.98897758400
   1.71000 0.98876011600
   1.71200 0.98851912500
   1.71400 0.98826286500
   1.71600 0.98799921400
   1.71800 0.98773363800
   1.72000 0.98747114000
   1.72200 0.98721425300
   1.72400 0.98696359600
   1.72600 0.98671858200
   1.72800 0.98647579900
   1.73000 0.98623224500
   1.73200 0.98598567000
   1.73400 0.98573290800
   1.73600 0.98547351500
   1.73800 0.98520812200
   1.74000 0.98493975800
   1.74200 0.98467338100
   1.74400 0.98441472900
   1.74600 0.98417106700
   1.74800 0.98394956200
   1.75000 0.98375769700
   1.75200 0.98360065600
   1.75400 0.98348205600
   1.75600 0.98340415200
   1.75800 0.98336512000
   1.76000 0.98336166400
   1.76200 0.98338857300
   1.76400 0.98344055400
   1.76600 0.98351127800
   1.76800 0.98359309900
   1.77000 0.98368173500
   1.77200 0.98377322500
   1.77400 0.98386675600
   1.77600 0.98396087000
   1.77800 0.98405709600
   1.78000 0.98415711300
   1.78200 0.98426311900
   1.78400 0.98437624200
   1.78600 0.98449678100
   1.78800 0.98462271500
   1.79000 0.98475033700
   1.79200 0.98487440000
   1.79400 0.98498800000
   1.79600 0.98508254800
   1.79800 0.98515030200
   1.80000 0.98518467100
   1.80200 0.98517827000
   1.80400 0.98512769700
   1.80600 0.98503086800
   1.80800 0.98488808000
   1.81000 0.98470305800
   1.81200 0.98448013000
   1.81400 0.98422739300
   1.81600 0.98395297300
   1.81800 0.98366647500
   1.82000 0.98337807600
   1.82200 0.98309615900
   1.82400 0.98283093700
   1.82600 0.98259115200
   1.82800 0.98238504700
   1.83000 0.98222000000
   1.83200 0.98210260600
   1.83400 0.98203835900
   1.83600 0.98203115000
   1.83800 0.98208540500
   1.84000 0.98220139500
   1.84200 0.98237854300
   1.84400 0.98261460900
   1.84600 0.98290532900
   1.84800 0.98324363400
   1.85000 0.98362306500
   1.85200 0.98403517100
   1.85400 0.98447050000
   1.85600 0.98492210200
   1.85800 0.98538467400
   1.86000 0.98585203600
   1.86200 0.98632200100
   1.86400 0.98679191800
   1.86600 0.98725998300
   1.86800 0.98772382700
   1.87000 0.98817680000
   1.87200 0.98861063300
   1.87400 0.98901052900
   1.87600 0.98935881200
   1.87800 0.98963250400
   1.88000 0.98980607100
   1.88200 0.98985269700
   1.88400 0.98974881100
   1.88600 0.98947342300
   1.88800 0.98901382800
   1.89000 0.98837145600
   1.89200 0.98755590800
   1.89400 0.98659112700
   1.89600 0.98551435600
   1.89800 0.98437429100
   1.90000 0.98322470400
   1.90200 0.98212521500
   1.90400 0.98113431900
   1.90600 0.98030474600
   1.90800 0.97967997500
   1.91000 0.97929262400
   1.91200 0.97915752700
   1.91400 0.97927591600
   1.91600 0.97963306400
   1.91800 0.98019998900
   1.92000 0.98093648800
   1.92200 0.98179400900
   1.92400 0.98272294300
   1.92600 0.98366944800
   1.92800 0.98458409000
   1.93000 0.98542306500
   1.93200 0.98615086100
   1.93400 0.98674022500
   1.93600 0.98717291000
   1.93800 0.98744000700
   1.94000 0.98753912800
   1.94200 0.98747758800
   1.94400 0.98726593700
   1.94600 0.98691976600
   1.94800 0.98645700800
   1.95000 0.98589756400
   1.95200 0.98526239500
   1.95400 0.98457225400
   1.95600 0.98384809600
   1.95800 0.98311047900
   1.96000 0.98237673600
   1.96200 0.98166558900
   1.96400 0.98099168500
   1.96600 0.98036588000
   1.96800 0.97979802400
   1.97000 0.97929560300
   1.97200 0.97886021100
   1.97400 0.97849325400
   1.97600 0.97819275400
   1.97800 0.97795359900
   1.98000 0.97776903800
   1.98200 0.97763338100
   1.98400 0.97753828700
   1.98600 0.97747692200
   1.98800 0.97744248800
   1.99000 0.97742846700
   1.99200 0.97743054600
   1.99400 0.97744199700
   1.99600 0.97745850600
   1.99800 0.97747544700
   2.00000 0.97748578900
   2.00200 0.97748581300
   2.00400 0.97746937700
   2.00600 0.97743174100
   2.00800 0.97736950200
   2.01000 0.97727975600
   2.01200 0.97716169000
   2.01400 0.97701763700
   2.01600 0.97685234300
   2.01800 0.97667080400
   2.02000 0.97648054600
   2.02200 0.97629215200
   2.02400 0.97611268800
   2.02600 0.97594996400
   2.02800 0.97580993400
   2.03000 0.97569702400
   2.03200 0.97561088800
   2.03400 0.97554928300
   2.03600 0.97550801400
   2.03800 0.97548135800
   2.04000 0.97546306000
   2.04200 0.97544822900
   2.04400 0.97543537600
   2.04600 0.97542149700
   2.04800 0.97541319400
   2.05000 0.97541827700
   2.05200 0.97544909700
   2.05400 0.97551833000
   2.05600 0.97564241500
   2.05800 0.97583489000
   2.06000 0.97610653900
   2.06200 0.97646643800
   2.06400 0.97691107300
   2.06600 0.97743651900
   2.06800 0.97802666100
   2.07000 0.97865994900
   2.07200 0.97930906500
   2.07400 0.97994295700
   2.07600 0.98052696900
   2.07800 0.98102684800
   2.08000 0.98141323600
   2.08200 0.98166099600
   2.08400 0.98175279200
   2.08600 0.98167836500
   2.08800 0.98143649700
   2.09000 0.98103472100
   2.09200 0.98048765600
   2.09400 0.97981663300
   2.09600 0.97904444500
   2.09800 0.97819825700
   2.10000 0.97730404200
   2.10200 0.97638509100
   2.10400 0.97546461500
   2.10600 0.97455908200
   2.10800 0.97368207900
   2.11000 0.97284112400
   2.11200 0.97204240800
   2.11400 0.97128871600
   2.11600 0.97058041000
   2.11800 0.96991850700
   2.12000 0.96930018800
   2.12200 0.96872619900
   2.12400 0.96819468400
   2.12600 0.96770370400
   2.12800 0.96725079000
   2.13000 0.96682964000
   2.13200 0.96643210800
   2.13400 0.96604432600
   2.13600 0.96565003100
   2.13800 0.96522785900
   2.14000 0.96475224300
   2.14200 0.96454259400
   2.14400 0.96433294500
   2.14600 0.96412329600
   2.14800 0.96391364700
   2.15000 0.96370399800
   2.15200 0.96349434900
   2.15400 0.96328470000
   2.15600 0.96307505100
   2.15800 0.96286540200
   2.16000 0.96265575300
   2.16200 0.96244610400
   2.16400 0.96223645400
   2.16600 0.96202680500
   2.16800 0.96181715600
   2.17000 0.96160750700
   2.17200 0.96139785800
   2.17400 0.96118820900
   2.17600 0.96097856000
   2.17800 0.96076891100
   2.18000 0.96055926200
   2.18200 0.96034961300
   2.18400 0.96013996400
   2.18600 0.95993031500
   2.18800 0.95972066600
   2.19000 0.95951101700
   2.19200 0.95930136800
   2.19400 0.95909171900
   2.19600 0.95888207000
   2.19800 0.95867242100
   2.20000 0.95846277200
   2.20200 0.95825312300
   2.20400 0.95804347400
   2.20600 0.95783382500
   2.20800 0.95762417600
   2.21000 0.95741452700
   2.21200 0.95720487800
   2.21400 0.95699522900
   2.21600 0.95678558000
   2.21800 0.95657593000
   2.22000 0.95636628100
   2.22200 0.95615663200
   2.22400 0.95594698300
   2.22600 0.95573733400
   2.22800 0.95552768500
   2.23000 0.95531803600
   2.23200 0.95510838700
   2.23400 0.95489873800
   2.23600 0.95468908900
   2.23800 0.95447944000
   2.24000 0.95426979100
   2.24200 0.95406014200
   2.24400 0.95385049300
   2.24600 0.95364084400
   2.24800 0.95343119500
   2.25000 0.95322154600
   2.25200 0.95301189700
   2.25400 0.95280224800
   2.25600 0.95259259900
   2.25800 0.95238295000
   2.26000 0.95217330100
   2.26200 0.95196365200
   2.26400 0.95175400300
   2.26600 0.95154435400
   2.26800 0.95133470500
   2.27000 0.95112505500
   2.27200 0.95091540600
   2.27400 0.95070575700
   2.27600 0.95049610800
   2.27800 0.95028645900
   2.28000 0.95007681000
   2.28200 0.94986716100
   2.28400 0.94965751200
   2.28600 0.94944786300
   2.28800 0.94923821400
   2.29000 0.94902856500
   2.29200 0.94881891600
   2.29400 0.94860926700
   2.29600 0.94839961800
   2.29800 0.94818996900
   2.30000 0.94798032000
   2.30200 0.94777067100
   2.30400 0.94756102200
   2.30600 0.94735137300
   2.30800 0.94714172400
   2.31000 0.94693207500
   2.31200 0.94672242600
   2.31400 0.94651277700
   2.31600 0.94630312800
   2.31800 0.94609347900
   2.32000 0.94588383000
   2.32200 0.94567418100
   2.32400 0.94546453100
   2.32600 0.94525488200
   2.32800 0.94504523300
   2.33000 0.94483558400
   2.33200 0.94462593500
   2.33400 0.94441628600
   2.33600 0.94420663700
   2.33800 0.94399698800
   2.34000 0.94378733900
   2.34200 0.94357769000
   2.34400 0.94336804100
   2.34600 0.94315839200
   2.34800 0.94294874300
   2.35000 0.94293584400
   2.35200 0.94279571100
   2.35400 0.94249757800
   2.35600 0.94199319500
   2.35800 0.94121924500
   2.36000 0.94008817700
   2.36200 0.93849114200
   2.36400 0.93629719500
   2.36600 0.93335342000
   2.36800 0.92948309000
   2.37000 0.92448998700
   2.37200 0.91816263400
   2.37400 0.91027578400
   2.37600 0.90059847400
   2.37800 0.88890155400
   2.38000 0.87496565400
   2.38200 0.85859275800
   2.38400 0.83961519500
   2.38600 0.81790860400
   2.38800 0.79340079300
   2.39000 0.76608270900
   2.39200 0.73601576100
   2.39400 0.70333531200
   2.39600 0.66825360700
   2.39800 0.63105629800
   2.40000 0.59209743900
   2.40200 0.55178904600
   2.40400 0.51058852700
   2.40600 0.46898234100
   2.40800 0.42746975500
   2.41000 0.38654484400
   2.41200 0.34667754800
   2.41400 0.30830107000
   2.41600 0.27179555800
   2.41800 0.23747870200
   2.42000 0.20559987300
   2.42200 0.17633476900
   2.42400 0.14978643500
   2.42600 0.12598748100
   2.42800 0.10490653800
   2.43000 0.08645684800
   2.43200 0.07050435000
   2.43400 0.05687868700
   2.43600 0.04538356100
   2.43800 0.03580575800
   2.44000 0.02792651300
   2.44200 0.02152581800
   2.44400 0.01639350000
   2.44600 0.01233244400
   2.44800 0.00916149400
   2.45000 0.00671865100
   2.45200 0.00486268000
   2.45400 0.00347191900
   2.45600 0.00244452900
   2.45800 0.00169647800
   2.46000 0.00116009800
   2.46200 0.00078093800
   2.46400 0.00051712100
   2.46600 0.00033666000
   2.46800 0.00021501000
   2.47000 0.00013452400
   2.47200 0.00008240700
   2.47400 0.00004896110
   2.47600 0.00002838130
   2.47800 0.00001607560
   2.48000 0.00000826035
   2.48200 0.00000371168
   2.48400 0.00000154481
   2.48600 0.00000088187
   2.48800 0.00000000000
   2.49000 0.00000000000
   2.49200 0.00000000000
   2.49400 0.00000000000
   2.49600 0.00000000000
   2.49800 0.00000000000
   2.50000 0.00000000000
   2.50200 0.00000000000
   2.50400 0.00000000000
   2.50600 0.00000000000
   2.50800 0.00000000000
   2.51000 0.00000000000
   2.51200 0.00000000000
   2.51400 0.00000000000
   2.51600 0.00000000000
   2.51800 0.00000000000
   2.52000 0.00000000000
   2.52200 0.00000000000
   2.52400 0.00000000000
   2.52600 0.00000000000
   2.52800 0.00000000000
   2.53000 0.00000000000