micron
perone
   1.35000 0.00000000000
   1.35200 0.00000000000
   1.35400 0.00000000000
   1.35600 0.00000000000
   1.35800 0.00000000000
   1.36000 0.00000000000
   1.36200 0.00000000000
   1.36400 0.00000000821
   1.36600 0.00000004184
   1.36800 0.00000021771
   1.37000 0.00000047540
   1.37200 0.00000091480
   1.37400 0.00000194311
   1.37600 0.00000372763
   1.37800 0.00000677368
   1.38000 0.00001207013
   1.38200 0.00002106320
   1.38400 0.00003579189
   1.38600 0.00005944060
   1.38800 0.00009717669
   1.39000 0.00015566037
   1.39200 0.00024467762
   1.39400 0.00037817003
   1.39600 0.00057515725
   1.39800 0.00086155205
   1.40000 0.00127242674
   1.40200 0.00185280819
   1.40400 0.00266224433
   1.40600 0.00377664562
   1.40800 0.00529241463
   1.41000 0.00732722064
   1.41200 0.01002543637
   1.41400 0.01355975800
   1.41600 0.01812992063
   1.41800 0.02396601917
   1.42000 0.03132310956
   1.42200 0.04047933595
   1.42400 0.05172703640
   1.42600 0.06536490545
   1.42800 0.08168463947
   1.43000 0.10095521428
   1.43200 0.12340702225
   1.43400 0.14921377800
   1.43600 0.17847489964
   1.43800 0.21119946999
   1.44000 0.24729269745
   1.44200 0.28654853435
   1.44400 0.32864664463
   1.44600 0.37315431777
   1.44800 0.41954041021
   1.45000 0.46718978476
   1.45200 0.51542911666
   1.45400 0.56355317507
   1.45600 0.61085647014
   1.45800 0.65666378265
   1.46000 0.70035911938
   1.46200 0.74141102186
   1.46400 0.77939286711
   1.46600 0.81399480081
   1.46800 0.84502890461
   1.47000 0.87242735366
   1.47200 0.89623405201
   1.47400 0.91658986780
   1.47600 0.93371460886
   1.47800 0.94788741135
   1.48000 0.95942540381
   1.48200 0.96866578111
   1.48400 0.97594634941
   1.48600 0.98159147378
   1.48800 0.98590278282
   1.49000 0.98915034405
   1.49200 0.99156919482
   1.49400 0.99335786997
   1.49600 0.99467920207
   1.49800 0.99566351142
   1.50000 0.99641308587
   1.50200 0.99700503403
   1.50400 0.99749533431
   1.50600 0.99792626140
   1.50800 0.99832486502
   1.51000 0.99871057543
   1.51200 0.99909536673
   1.51400 0.99948568747
   1.51600 0.99988397506
   1.51800 1.00028934724
   1.52000 1.00069872768
   1.52200 1.00110699235
   1.52400 1.00150775264
   1.52600 1.00189280759
   1.52800 1.00225301014
   1.53000 1.00257928906
   1.53200 1.00286348596
   1.53400 1.00309765205
   1.53600 1.00327530429
   1.53800 1.00339404027
   1.54000 1.00345187213
   1.54200 1.00345079901
   1.54400 1.00339398285
   1.54600 1.00328799106
   1.54800 1.00313922423
   1.55000 1.00295529374
   1.55200 1.00274514652
   1.55400 1.00251645105
   1.55600 1.00227622666
   1.55800 1.00202989734
   1.56000 1.00178152026
   1.56200 1.00153368555
   1.56400 1.00128628600
   1.56600 1.00103781198
   1.56800 1.00078679006
   1.57000 1.00052866456
   1.57200 1.00025891965
   1.57400 0.99997248162
   1.57600 0.99966448326
   1.57800 0.99932912734
   1.58000 0.99896220374
   1.58200 0.99856055199
   1.58400 0.99812193667
   1.58600 0.99764556069
   1.58800 0.99713290710
   1.59000 0.99658731976
   1.59200 0.99601403251
   1.59400 0.99541923296
   1.59600 0.99481127181
   1.59800 0.99419876039
   1.60000 0.99359085635
   1.60200 0.99299604018
   1.60400 0.99242090211
   1.60600 0.99187260095
   1.60800 0.99135644294
   1.61000 0.99087452418
   1.61200 0.99042833426
   1.61400 0.99001734260
   1.61600 0.98963928357
   1.61800 0.98929103607
   1.62000 0.98896851146
   1.62200 0.98866668329
   1.62400 0.98838111833
   1.62600 0.98810805327
   1.62800 0.98784195152
   1.63000 0.98758157237
   1.63200 0.98732430997
   1.63400 0.98706931756
   1.63600 0.98681796552
   1.63800 0.98657219759
   1.64000 0.98633577311
   1.64200 0.98611238735
   1.64400 0.98590680744
   1.64600 0.98572448349
   1.64800 0.98557023737
   1.65000 0.98544941905
   1.65200 0.98536450803
   1.65400 0.98531936933
   1.65600 0.98531476163
   1.65800 0.98535132027
   1.66000 0.98542782751
   1.66200 0.98554260483
   1.66400 0.98569269180
   1.66600 0.98587468837
   1.66800 0.98608455030
   1.67000 0.98631866358
   1.67200 0.98657271690
   1.67400 0.98684245538
   1.67600 0.98712380923
   1.67800 0.98741193547
   1.68000 0.98770246316
   1.68200 0.98799014338
   1.68400 0.98826944493
   1.68600 0.98853446602
   1.68800 0.98877849936
   1.69000 0.98899538248
   1.69200 0.98917824160
   1.69400 0.98932158011
   1.69600 0.98941955983
   1.69800 0.98946810356
   1.70000 0.98946624019
   1.70200 0.98941278663
   1.70400 0.98931050380
   1.70600 0.98916359544
   1.70800 0.98897758356
   1.71000 0.98876011628
   1.71200 0.98851912482
   1.71400 0.98826286477
   1.71600 0.98799921380
   1.71800 0.98773363803
   1.72000 0.98747113996
   1.72200 0.98721425314
   1.72400 0.98696359589
   1.72600 0.98671858189
   1.72800 0.98647579910
   1.73000 0.98623224456
   1.73200 0.98598567049
   1.73400 0.98573290783
   1.73600 0.98547351453
   1.73800 0.98520812202
   1.74000 0.98493975796
   1.74200 0.98467338067
   1.74400 0.98441472884
   1.74600 0.98417106686
   1.74800 0.98394956243
   1.75000 0.98375769725
   1.75200 0.98360065583
   1.75400 0.98348205633
   1.75600 0.98340415157
   1.75800 0.98336512026
   1.76000 0.98336166432
   1.76200 0.98338857337
   1.76400 0.98344055365
   1.76600 0.98351127833
   1.76800 0.98359309901
   1.77000 0.98368173460
   1.77200 0.98377322496
   1.77400 0.98386675622
   1.77600 0.98396086981
   1.77800 0.98405709635
   1.78000 0.98415711340
   1.78200 0.98426311937
   1.78400 0.98437624168
   1.78600 0.98449678118
   1.78800 0.98462271483
   1.79000 0.98475033665
   1.79200 0.98487439965
   1.79400 0.98498800010
   1.79600 0.98508254797
   1.79800 0.98515030230
   1.80000 0.98518467080
   1.80200 0.98517827011
   1.80400 0.98512769670
   1.80600 0.98503086816
   1.80800 0.98488808039
   1.81000 0.98470305786
   1.81200 0.98448013009
   1.81400 0.98422739339
   1.81600 0.98395297282
   1.81800 0.98366647477
   1.82000 0.98337807587
   1.82200 0.98309615939
   1.82400 0.98283093701
   1.82600 0.98259115183
   1.82800 0.98238504718
   1.83000 0.98221999978
   1.83200 0.98210260559
   1.83400 0.98203835913
   1.83600 0.98203115040
   1.83800 0.98208540526
   1.84000 0.98220139457
   1.84200 0.98237854291
   1.84400 0.98261460902
   1.84600 0.98290532880
   1.84800 0.98324363397
   1.85000 0.98362306459
   1.85200 0.98403517068
   1.85400 0.98447049992
   1.85600 0.98492210185
   1.85800 0.98538467428
   1.86000 0.98585203621
   1.86200 0.98632200118
   1.86400 0.98679191827
   1.86600 0.98725998328
   1.86800 0.98772382714
   1.87000 0.98817680029
   1.87200 0.98861063327
   1.87400 0.98901052889
   1.87600 0.98935881184
   1.87800 0.98963250432
   1.88000 0.98980607068
   1.88200 0.98985269690
   1.88400 0.98974881082
   1.88600 0.98947342333
   1.88800 0.98901382779
   1.89000 0.98837145611
   1.89200 0.98755590780
   1.89400 0.98659112665
   1.89600 0.98551435568
   1.89800 0.98437429068
   1.90000 0.98322470415
   1.90200 0.98212521470
   1.90400 0.98113431868
   1.90600 0.98030474554
   1.90800 0.97967997472
   1.91000 0.97929262393
   1.91200 0.97915752686
   1.91400 0.97927591575
   1.91600 0.97963306433
   1.91800 0.98019998936
   1.92000 0.98093648765
   1.92200 0.98179400946
   1.92400 0.98272294325
   1.92600 0.98366944816
   1.92800 0.98458409024
   1.93000 0.98542306525
   1.93200 0.98615086106
   1.93400 0.98674022505
   1.93600 0.98717291042
   1.93800 0.98744000735
   1.94000 0.98753912771
   1.94200 0.98747758842
   1.94400 0.98726593675
   1.94600 0.98691976571
   1.94800 0.98645700831
   1.95000 0.98589756425
   1.95200 0.98526239500
   1.95400 0.98457225429
   1.95600 0.98384809586
   1.95800 0.98311047920
   1.96000 0.98237673586
   1.96200 0.98166558909
   1.96400 0.98099168503
   1.96600 0.98036587968
   1.96800 0.97979802399
   1.97000 0.97929560319
   1.97200 0.97886021072
   1.97400 0.97849325440
   1.97600 0.97819275352
   1.97800 0.97795359939
   1.98000 0.97776903786
   1.98200 0.97763338117
   1.98400 0.97753828676
   1.98600 0.97747692242
   1.98800 0.97744248781
   1.99000 0.97742846670
   1.99200 0.97743054581
   1.99400 0.97744199674
   1.99600 0.97745850594
   1.99800 0.97747544704
   2.00000 0.97748578880
   2.00200 0.97748581314
   2.00400 0.97746937734
   2.00600 0.97743174054
   2.00800 0.97736950202
   2.01000 0.97727975587
   2.01200 0.97716169048
   2.01400 0.97701763722
   2.01600 0.97685234324
   2.01800 0.97667080410
   2.02000 0.97648054596
   2.02200 0.97629215158
   2.02400 0.97611268759
   2.02600 0.97594996406
   2.02800 0.97580993390
   2.03000 0.97569702392
   2.03200 0.97561088751
   2.03400 0.97554928269
   2.03600 0.97550801388
   2.03800 0.97548135754
   2.04000 0.97546306013
   2.04200 0.97544822860
   2.04400 0.97543537551
   2.04600 0.97542149652
   2.04800 0.97541319371
   2.05000 0.97541827667
   2.05200 0.97544909681
   2.05400 0.97551833000
   2.05600 0.97564241473
   2.05800 0.97583489024
   2.06000 0.97610653900
   2.06200 0.97646643787
   2.06400 0.97691107280
   2.06600 0.97743651851
   2.06800 0.97802666081
   2.07000 0.97865994934
   2.07200 0.97930906537
   2.07400 0.97994295739
   2.07600 0.98052696862
   2.07800 0.98102684760
   2.08000 0.98141323589
   2.08200 0.98166099634
   2.08400 0.98175279206
   2.08600 0.98167836540
   2.08800 0.98143649712
   2.09000 0.98103472059
   2.09200 0.98048765630
   2.09400 0.97981663297
   2.09600 0.97904444499
   2.09800 0.97819825706
   2.10000 0.97730404168
   2.10200 0.97638509066
   2.10400 0.97546461489
   2.10600 0.97455908199
   2.10800 0.97368207945
   2.11000 0.97284112401
   2.11200 0.97204240833
   2.11400 0.97128871644
   2.11600 0.97058040969
   2.11800 0.96991850668
   2.12000 0.96930018782
   2.12200 0.96872619935
   2.12400 0.96819468428
   2.12600 0.96770370413
   2.12800 0.96725079016
   2.13000 0.96682963975
   2.13200 0.96643210844
   2.13400 0.96604432624
   2.13600 0.96565003137
   2.13800 0.96522785907
   2.14000 0.96475224293
   2.14200 0.96419547201
   2.14400 0.96352353650
   2.14600 0.96270536480
   2.14800 0.96170564405
   2.15000 0.96049043341
   2.15200 0.95902452605
   2.15400 0.95727487653
   2.15600 0.95520819948
   2.15800 0.95278968267
   2.16000 0.94998434722
   2.16200 0.94675882147
   2.16400 0.94307827681
   2.16600 0.93890998368
   2.16800 0.93422539437
   2.17000 0.92899702423
   2.17200 0.92320811671
   2.17400 0.91685119202
   2.17600 0.90993463657
   2.17800 0.90247948317
   2.18000 0.89452855551
   2.18200 0.88614175545
   2.18400 0.87739887459
   2.18600 0.86840067403
   2.18800 0.85926196403
   2.19000 0.85011080971
   2.19200 0.84108619530
   2.19400 0.83232770710
   2.19600 0.82397456062
   2.19800 0.81616099728
   2.20000 0.80900623578
   2.20200 0.80261086437
   2.20400 0.79705783196
   2.20600 0.79240215158
   2.20800 0.78867649342
   2.21000 0.78588622939
   2.21200 0.78400962659
   2.21400 0.78300250588
   2.21600 0.78279989432
   2.21800 0.78332305254
   2.22000 0.78447676469
   2.22200 0.78616108848
   2.22400 0.78827562095
   2.22600 0.79071793808
   2.22800 0.79339657216
   2.23000 0.79623058183
   2.23200 0.79915248147
   2.23400 0.80211024787
   2.23600 0.80506766901
   2.23800 0.80800751759
   2.24000 0.81092637484
   2.24200 0.81383554352
   2.24400 0.81675659390
   2.24600 0.81971721630
   2.24800 0.82275314747
   2.25000 0.82589608206
   2.25200 0.82917980122
   2.25400 0.83262986530
   2.25600 0.83626373685
   2.25800 0.84008964424
   2.26000 0.84410396250
   2.26200 0.84829286742
   2.26400 0.85262867155
   2.26600 0.85707771745
   2.26800 0.86159417639
   2.27000 0.86612884077
   2.27200 0.87062866041
   2.27400 0.87504070286
   2.27600 0.87931559141
   2.27800 0.88341083051
   2.28000 0.88729122585
   2.28200 0.89093299392
   2.28400 0.89432184727
   2.28600 0.89745530584
   2.28800 0.90034019339
   2.29000 0.90299512417
   2.29200 0.90544329457
   2.29400 0.90771264866
   2.29600 0.90983418909
   2.29800 0.91183731341
   2.30000 0.91375212937
   2.30200 0.91560208354
   2.30400 0.91740883975
   2.30600 0.91918737109
   2.30800 0.92094836568
   2.31000 0.92269655880
   2.31200 0.92443404334
   2.31400 0.92615502588
   2.31600 0.92785425958
   2.31800 0.92951893963
   2.32000 0.93113682598
   2.32200 0.93269460012
   2.32400 0.93417630292
   2.32600 0.93556611956
   2.32800 0.93685187646
   2.33000 0.93802028962
   2.33200 0.93906330282
   2.33400 0.93997583809
   2.33600 0.94075672051
   2.33800 0.94140882184
   2.34000 0.94193649951
   2.34200 0.94234882249
   2.34400 0.94265244340
   2.34600 0.94285169717
   2.34800 0.94294874302
   2.35000 0.94293584422
   2.35200 0.94279571122
   2.35400 0.94249757813
   2.35600 0.94199319482
   2.35800 0.94121924504
   2.36000 0.94008817673
   2.36200 0.93849114194
   2.36400 0.93629719451
   2.36600 0.93335341968
   2.36800 0.92948309001
   2.37000 0.92448998696
   2.37200 0.91816263436
   2.37400 0.91027578375
   2.37600 0.90059847440
   2.37800 0.88890155391
   2.38000 0.87496565400
   2.38200 0.85859275811
   2.38400 0.83961519485
   2.38600 0.81790860423
   2.38800 0.79340079261
   2.39000 0.76608270931
   2.39200 0.73601576079
   2.39400 0.70333531153
   2.39600 0.66825360660
   2.39800 0.63105629752
   2.40000 0.59209743873
   2.40200 0.55178904617
   2.40400 0.51058852718
   2.40600 0.46898234136
   2.40800 0.42746975495
   2.41000 0.38654484432
   2.41200 0.34667754845
   2.41400 0.30830106971
   2.41600 0.27179555793
   2.41800 0.23747870222
   2.42000 0.20559987279
   2.42200 0.17633476888
   2.42400 0.14978643480
   2.42600 0.12598748096
   2.42800 0.10490653789
   2.43000 0.08645684775
   2.43200 0.07050435030
   2.43400 0.05687868669
   2.43600 0.04538356141
   2.43800 0.03580575758
   2.44000 0.02792651315
   2.44200 0.02152581755
   2.44400 0.01639350007
   2.44600 0.01233244378
   2.44800 0.00916149424
   2.45000 0.00671865113
   2.45200 0.00486268026
   2.45400 0.00347191943
   2.45600 0.00244452860
   2.45800 0.00169647839
   2.46000 0.00116009757
   2.46200 0.00078093836
   2.46400 0.00051712110
   2.46600 0.00033665965
   2.46800 0.00021501033
   2.47000 0.00013452423
   2.47200 0.00008240703
   2.47400 0.00004896107
   2.47600 0.00002838133
   2.47800 0.00001607556
   2.48000 0.00000826035
   2.48200 0.00000371168
   2.48400 0.00000154481
   2.48600 0.00000088187
   2.48800 0.00000000000
   2.49000 0.00000000000
   2.49200 0.00000000000
   2.49400 0.00000000000
   2.49600 0.00000000000
   2.49800 0.00000000000
   2.50000 0.00000000000
