micron
perone
   1.10000 0.00000000000
   1.10200 0.00000000000
   1.10400 0.00000000000
   1.10600 0.0
   1.10800 0.0
   1.11000 0.0
   1.11200 0.0
   1.11400 0.0
   1.11600 0.0
   1.11800 0.0
   1.12000 0.0
   1.12200 0.0
   1.12400 0.0
   1.12600 0.0
   1.12800 0.0
   1.13000 0.0
   1.13200 0.0
   1.13400 0.0
   1.13600 0.0
   1.13800 0.0
   1.14000 0.0
   1.14200 0.0
   1.14400 0.0
   1.14600 0.0
   1.14800 0.0
   1.15000 0.0
   1.15200 0.0
   1.15400 0.0
   1.15600 0.0
   1.15800 0.0
   1.16000 0.0
   1.16200 0.0
   1.16400 0.0
   1.16600 0.0
   1.16800 0.0
   1.17000 0.0
   1.17200 0.0
   1.17400 0.0
   1.17600 0.0
   1.17800 0.0
   1.18000 0.0
   1.18200 0.0
   1.18400 0.0
   1.18600 0.0
   1.18800 0.0
   1.19000 0.0
   1.19200 0.0
   1.19400 0.0
   1.19600 0.0
   1.19800 0.0
   1.20000 0.0
   1.20200 0.0
   1.20400 0.0
   1.20600 0.0
   1.20800 0.0
   1.21000 0.0
   1.21200 0.0
   1.21400 0.0
   1.21600 0.0
   1.21800 0.0
   1.22000 0.0
   1.22200 0.0
   1.22400 0.0
   1.22600 0.0
   1.22800 0.0
   1.23000 0.0
   1.23200 0.0
   1.23400 0.0
   1.23600 0.0
   1.23800 0.0
   1.24000 0.0
   1.24200 0.0
   1.24400 0.0
   1.24600 0.0
   1.24800 0.0
   1.25000 0.0
   1.25200 0.0
   1.25400 0.0
   1.25600 0.0
   1.25800 0.0
   1.26000 0.0
   1.26200 0.0
   1.26400 0.0
   1.26600 0.0
   1.26800 0.0
   1.27000 0.0
   1.27200 0.0
   1.27400 0.0
   1.27600 0.0
   1.27800 0.0
   1.28000 0.0
   1.28200 0.0
   1.28400 0.0
   1.28600 0.0
   1.28800 0.0
   1.29000 0.0
   1.29200 0.0
   1.29400 0.0
   1.29600 0.0
   1.29800 0.0
   1.30000 0.0
   1.30200 0.0
   1.30400 0.0
   1.30600 0.0
   1.30800 0.0
   1.31000 0.0
   1.31200 0.0
   1.31400 0.0
   1.31600 0.0
   1.31800 0.0
   1.32000 0.0
   1.32200 0.0
   1.32400 0.0
   1.32600 0.0
   1.32800 0.0
   1.33000 0.0
   1.33200 0.0
   1.33400 0.0
   1.33600 0.0
   1.33800 0.0
   1.34000 0.0
   1.34200 0.0
   1.34400 0.0
   1.34600 0.0
   1.34800 0.0
   1.35000 0.0
   1.35200 0.0
   1.35400 0.0
   1.35600 0.0
   1.35800 0.0
   1.36000 0.0
   1.36200 0.0
   1.36400 0.0
   1.36600 0.0
   1.36800 0.0
   1.37000 0.0
   1.37200 0.0
   1.37400 0.0
   1.37600 0.0
   1.37800 0.0
   1.38000 0.0
   1.38200 0.0
   1.38400 0.0
   1.38600 0.0
   1.38800 0.0
   1.39000 0.0
   1.39200 0.0
   1.39400 0.0
   1.39600 0.0
   1.39800 0.0
   1.40000 0.0
   1.40200 0.0
   1.40400 0.0
   1.40600 0.0
   1.40800 0.0
   1.41000 0.0
   1.41200 0.0
   1.41400 0.0
   1.41600 0.0
   1.41800 0.0
   1.42000 0.0
   1.42200 0.0
   1.42400 0.00046019688
   1.42600 0.00156730279
   1.42800 0.00826151550
   1.43000 0.00618369401
   1.43200 0.00711318731
   1.43400 0.02497575045
   1.43600 0.03170929432
   1.43800 0.04258993626
   1.44000 0.06982128143
   1.44200 0.10896330830
   1.44400 0.15175366400
   1.44600 0.20801601410
   1.44800 0.30568426130
   1.45000 0.39260395050
   1.45200 0.48797588350
   1.45400 0.60176097870
   1.45600 0.71347839360
   1.45800 0.82000091550
   1.46000 0.93405311580
   1.46200 0.97065925600
   1.46400 0.99990875240
   1.46600 1.00248245200
   1.46800 1.03190933200
   1.47000 0.98583641050
   1.47200 0.97156402590
   1.47400 1.01829696700
   1.47600 0.99184226990
   1.47800 1.02840827900
   1.48000 1.00836227400
   1.48200 1.01231971700
   1.48400 0.97385932920
   1.48600 0.97114418030
   1.48800 0.99622306820
   1.49000 0.99534538270
   1.49200 0.99615661620
   1.49400 0.99872474670
   1.49600 1.00280853300
   1.49800 1.00829383900
   1.50000 0.98401435850
   1.50200 0.98241622920
   1.50400 1.01765525800
   1.50600 0.98354934690
   1.50800 1.01096084600
   1.51000 0.99103858950
   1.51200 1.00293693500
   1.51400 0.99368461610
   1.51600 0.99817718510
   1.51800 1.00844299300
   1.52000 1.00614585900
   1.52200 0.98674324040
   1.52400 0.99347724910
   1.52600 1.00492729200
   1.52800 1.00327240000
   1.53000 0.99554176330
   1.53200 1.00859764100
   1.53400 1.01898422200
   1.53600 1.01089515700
   1.53800 1.00816345200
   1.54000 0.98280868530
   1.54200 1.01764595000
   1.54400 1.03171432500
   1.54600 0.99696380620
   1.54800 0.99748085020
   1.55000 0.99783592220
   1.55200 0.99897232060
   1.55400 1.00601921100
   1.55600 1.00202240000
   1.55800 0.97710922240
   1.56000 1.00409713700
   1.56200 1.02652885400
   1.56400 0.98058502200
   1.56600 1.03188873300
   1.56800 0.98208076480
   1.57000 1.00239242600
   1.57200 1.00269767800
   1.57400 1.00007759100
   1.57600 1.00468269300
   1.57800 0.98916008000
   1.58000 0.98641105650
   1.58200 1.00395950300
   1.58400 1.00043319700
   1.58600 1.01200660700
   1.58800 0.99853340150
   1.59000 1.01648864700
   1.59200 0.99933860780
   1.59400 0.99369964600
   1.59600 0.98406730650
   1.59800 0.98856979370
   1.60000 0.99167129520
   1.60200 0.98784782410
   1.60400 0.97949539180
   1.60600 1.00161766100
   1.60800 1.00047111500
   1.61000 0.98604171750
   1.61200 0.99174934390
   1.61400 0.98490615840
   1.61600 0.98769859310
   1.61800 0.98162834170
   1.62000 0.98627151490
   1.62200 0.99426429750
   1.62400 0.98692535400
   1.62600 0.98380165100
   1.62800 0.99524627690
   1.63000 1.00251022300
   1.63200 0.97169097900
   1.63400 0.98452987670
   1.63600 1.00036552400
   1.63800 0.97733085630
   1.64000 0.98199775700
   1.64200 0.99420211790
   1.64400 0.98573760990
   1.64600 0.98359886170
   1.64800 0.98876480100
   1.65000 0.98375411990
   1.65200 0.98542228700
   1.65400 0.97078964230
   1.65600 0.98293151860
   1.65800 0.97484916690
   1.66000 0.99610137940
   1.66200 0.99309234620
   1.66400 0.97190834050
   1.66600 0.98445487980
   1.66800 0.99419898990
   1.67000 0.98124763490
   1.67200 0.99089996340
   1.67400 0.99599342350
   1.67600 0.98740562440
   1.67800 0.98158714290
   1.68000 0.97121116640
   1.68200 0.98338760380
   1.68400 0.99822975160
   1.68600 1.00188972500
   1.68800 0.97858757020
   1.69000 0.98826210020
   1.69200 1.00635765100
   1.69400 0.97457855220
   1.69600 0.98719772340
   1.69800 0.98949501040
   1.70000 1.00431289700
   1.70200 0.99189712520
   1.70400 0.99005935670
   1.70600 0.98904785160
   1.70800 0.98830062870
   1.71000 1.01647361800
   1.71200 0.97830375670
   1.71400 0.99607254030
   1.71600 0.97313751220
   1.71800 0.97962120060
   1.72000 0.97661216740
   1.72200 0.98927383420
   1.72400 0.98272819520
   1.72600 0.98017448430
   1.72800 0.98831710820
   1.73000 0.99805885310
   1.73200 0.98691513060
   1.73400 0.99344879150
   1.73600 0.99740081790
   1.73800 0.98075111390
   1.74000 0.98310470580
   1.74200 0.98291870120
   1.74400 0.98412452700
   1.74600 0.98069168090
   1.74800 0.96787643430
   1.75000 0.99863029480
   1.75200 0.98842926030
   1.75400 0.98880043030
   1.75600 0.98192016600
   1.75800 0.95672950740
   1.76000 0.98138252260
   1.76200 0.95661567690
   1.76400 0.98943557740
   1.76600 0.99764663700
   1.76800 0.98380294800
   1.77000 0.99995834350
   1.77200 0.99042671200
   1.77400 0.99387466430
   1.77600 1.00153091400
   1.77800 0.97299766540
   1.78000 0.96399017330
   1.78200 0.97825149540
   1.78400 0.96961662290
   1.78600 0.99355773930
   1.78800 0.97921447750
   1.79000 0.97254104610
   1.79200 1.00214469900
   1.79400 0.98445648190
   1.79600 0.99486579900
   1.79800 0.97609519960
   1.80000 0.98212326050
   1.80200 0.99984771730
   1.80400 0.99618202210
   1.80600 0.99466690060
   1.80800 0.96851768490
   1.81000 0.97653785710
   1.81200 0.98787986760
   1.81400 0.99122154240
   1.81600 1.00529167200
   1.81800 0.99637336730
   1.82000 0.96936645510
   1.82200 0.94878005980
   1.82400 0.97286758420
   1.82600 1.01553894000
   1.82800 0.95447906490
   1.83000 0.97496521000
   1.83200 0.98900543210
   1.83400 1.01211059600
   1.83600 0.99413970950
   1.83800 0.97100006100
   1.84000 0.96785041810
   1.84200 0.97077110290
   1.84400 0.97322738650
   1.84600 0.97801345830
   1.84800 0.97121124270
   1.85000 0.97590705870
   1.85200 0.99610229490
   1.85400 0.99862930300
   1.85600 0.97310768130
   1.85800 0.97554191590
   1.86000 1.01665077200
   1.86200 0.98100196840
   1.86400 1.00359474200
   1.86600 1.00254570000
   1.86800 0.97545257570
   1.87000 0.99071205140
   1.87200 0.96891883850
   1.87400 0.97700424190
   1.87600 0.97118988040
   1.87800 0.98026237490
   1.88000 1.00422226000
   1.88200 0.97693893430
   1.88400 0.97510993960
   1.88600 1.01762756300
   1.88800 1.02315483100
   1.89000 1.01095703100
   1.89200 1.02939392100
   1.89400 1.01028060900
   1.89600 0.97567405700
   1.89800 1.03621757500
   1.90000 0.97195434570
   1.90200 0.94471649170
   1.90400 0.95829681400
   1.90600 0.95949668880
   1.90800 0.93614486690
   1.91000 0.96365425110
   1.91200 0.98439239500
   1.91400 0.95190925600
   1.91600 0.93602874760
   1.91800 1.01393508900
   1.92000 0.94803489690
   1.92200 0.99056419370
   1.92400 0.98987213130
   1.92600 0.98507514950
   1.92800 1.03104354900
   1.93000 0.97528450010
   1.93200 1.02505706800
   1.93400 0.98269767760
   1.93600 0.99502410890
   1.93800 0.99366455080
   1.94000 0.98412300110
   1.94200 0.95713371280
   1.94400 1.02111625700
   1.94600 1.01121856700
   1.94800 0.94843017580
   1.95000 0.99670135500
   1.95200 1.00254501300
   1.95400 0.97095039370
   1.95600 0.97939201350
   1.95800 1.02172576900
   1.96000 0.95944824220
   1.96200 0.97699165340
   1.96400 0.99712234500
   1.96600 0.97605842590
   1.96800 0.94031539920
   1.97000 0.99716049190
   1.97200 0.95128807070
   1.97400 0.97918769840
   1.97600 0.99406661990
   1.97800 0.97314262390
   1.98000 0.97118232730
   1.98200 0.94737091060
   1.98400 1.01341888400
   1.98600 1.00790466300
   1.98800 0.97523567200
   1.99000 0.93660232540
   1.99200 0.98453575130
   1.99400 0.98219856260
   1.99600 0.99022430420
   1.99800 0.99195961000
   2.00000 0.92528900150
   2.00200 0.99114501950
   2.00400 0.95605667110
   2.00600 0.98316612240
   2.00800 1.01456390400
   2.01000 0.99290992740
   2.01200 0.97581840520
   2.01400 0.97075042720
   2.01600 0.95302413940
   2.01800 0.97940162660
   2.02000 0.98151344300
   2.02200 0.98705413820
   2.02400 1.01719543500
   2.02600 0.96751777650
   2.02800 0.94181465150
   2.03000 0.97627845760
   2.03200 0.93553321840
   2.03400 0.96982994080
   2.03600 0.98040191650
   2.03800 0.97665473940
   2.04000 0.99671592710
   2.04200 0.97445426940
   2.04400 0.99279472350
   2.04600 0.98212913510
   2.04800 0.97099594120
   2.05000 0.97689430240
   2.05200 0.98250900270
   2.05400 0.98069061280
   2.05600 0.95195564270
   2.05800 1.01386192300
   2.06000 0.92883583070
   2.06200 0.97616027830
   2.06400 0.94684997560
   2.06600 0.99871353150
   2.06800 0.98798683170
   2.07000 0.92513618470
   2.07200 0.96169570920
   2.07400 0.97907836910
   2.07600 1.01057754500
   2.07800 0.99399536130
   2.08000 0.98547294620
   2.08200 1.01781784100
   2.08400 1.00751457200
   2.08600 0.99454864500
   2.08800 0.95644798280
   2.09000 0.99404754640
   2.09200 1.02248725900
   2.09400 0.94541648860
   2.09600 0.97591911320
   2.09800 0.98243041990
   2.10000 0.95252700810
   2.10200 0.97001426700
   2.10400 1.04691650400
   2.10600 0.94265403750
   2.10800 0.95519271850
   2.11000 0.93116958620
   2.11200 0.96852218630
   2.11400 0.96776687620
   2.11600 1.00015090900
   2.11800 0.98772148130
   2.12000 0.94300399780
   2.12200 1.02481147800
   2.12400 0.94031333920
   2.12600 0.98250228880
   2.12800 0.96071304320
   2.13000 0.94783409120
   2.13200 0.92574127200
   2.13400 0.98190025330
   2.13600 0.98014686580
   2.13800 0.91620979310
   2.14000 0.97032508850
   2.14200 0.97179260250
   2.14400 1.00913391100
   2.14600 1.00502136200
   2.14800 0.92899688720
   2.15000 0.93290176390
   2.15200 0.98013374330
   2.15400 0.99973358150
   2.15600 0.97144248960
   2.15800 0.97746688840
   2.16000 0.95419067380
   2.16200 0.89337089540
   2.16400 0.94987518310
   2.16600 0.96970649720
   2.16800 0.98744064330
   2.17000 0.91281280520
   2.17200 0.93197479250
   2.17400 0.95018196110
   2.17600 0.92827919010
   2.17800 0.97246726990
   2.18000 0.92666015630
   2.18200 0.87834419250
   2.18400 0.91209205630
   2.18600 0.85446411130
   2.18800 0.92268440250
   2.19000 0.85305290220
   2.19200 0.81439651490
   2.19400 0.79418571470
   2.19600 0.79474578860
   2.19800 0.79647468570
   2.20000 0.75239585880
   2.20200 0.81181343080
   2.20400 0.72527320860
   2.20600 0.77160697940
   2.20800 0.73437232970
   2.21000 0.73042747500
   2.21200 0.73148986820
   2.21400 0.77243530270
   2.21600 0.76032226560
   2.21800 0.79313438420
   2.22000 0.73848518370
   2.22200 0.75228210450
   2.22400 0.77072486880
   2.22600 0.83230026250
   2.22800 0.83072990420
   2.23000 0.79525299070
   2.23200 0.78542640690
   2.23400 0.78946945190
   2.23600 0.85874404910
   2.23800 0.80774482730
   2.24000 0.83756401060
   2.24200 0.79127380370
   2.24400 0.81813095090
   2.24600 0.80360710140
   2.24800 0.85527702330
   2.25000 0.78845527650
   2.25200 0.85110267640
   2.25400 0.78498039250
   2.25600 0.78678108220
   2.25800 0.86138015750
   2.26000 0.84732986450
   2.26200 0.82971107480
   2.26400 0.88054481510
   2.26600 0.81874694820
   2.26800 0.84482971190
   2.27000 0.85749038700
   2.27200 0.87392333980
   2.27400 0.89902915950
   2.27600 0.85629043580
   2.27800 0.94317558290
   2.28000 0.89950241090
   2.28200 0.87189010620
   2.28400 0.95741249080
   2.28600 0.92110549930
   2.28800 0.90741195680
   2.29000 0.92461601260
   2.29200 0.88218048100
   2.29400 0.92606887820
   2.29600 0.87136146550
   2.29800 0.88565345760
   2.30000 0.91879364010
   2.30200 0.91332649230
   2.30400 0.93095947270
   2.30600 0.91214439390
   2.30800 0.96221298220
   2.31000 0.92616058350
   2.31200 0.91677162170
   2.31400 0.92024894710
   2.31600 0.90890029910
   2.31800 0.93113433840
   2.32000 0.91611465450
   2.32200 0.93599281310
   2.32400 0.92279487610
   2.32600 0.94667831420
   2.32800 0.97072532650
   2.33000 0.95159065250
   2.33200 0.95217208860
   2.33400 0.93001815800
   2.33600 0.93578895570
   2.33800 0.93934989930
   2.34000 0.95288032530
   2.34200 0.94997154240
   2.34400 0.96614547730
   2.34600 0.96619972230
   2.34800 0.91893646240
   2.35000 0.94498626710
   2.35200 0.91711891170
   2.35400 0.91311248780
   2.35600 0.95568778990
   2.35800 0.95583038330
   2.36000 0.95718353270
   2.36200 0.93208496090
   2.36400 0.92733726500
   2.36600 0.95269409180
   2.36800 0.95172546390
   2.37000 0.96332313540
   2.37200 0.97119720460
   2.37400 0.95056198120
   2.37600 0.96380653380
   2.37800 0.89645431520
   2.38000 0.94003509520
   2.38200 0.96047004700
   2.38400 0.93472167970
   2.38600 0.91853019710
   2.38800 0.91833427430
   2.39000 0.88760078430
   2.39200 0.87272079470
   2.39400 0.84227142330
   2.39600 0.80150383000
   2.39800 0.72282012940
   2.40000 0.67137115480
   2.40200 0.60545150760
   2.40400 0.51838516240
   2.40600 0.45803600310
   2.40800 0.38754718780
   2.41000 0.30625766750
   2.41200 0.27062669750
   2.41400 0.19381542210
   2.41600 0.12830495830
   2.41800 0.14234067920
   2.42000 0.11981615070
   2.42200 0.06422286510
   2.42400 0.00307503194
   2.42600 0.04941863060
   2.42800 0.0
   2.43000 0.0
   2.43200 0.0
   2.43400 0.0
   2.43600 0.0
   2.43800 0.0
   2.44000 0.0
   2.44200 0.0
   2.44400 0.0
   2.44600 0.0
   2.44800 0.0
   2.45000 0.0
   2.45200 0.0
   2.45400 0.0
   2.45600 0.0
   2.45800 0.0
   2.46000 0.0
   2.46200 0.0
   2.46400 0.0
   2.46600 0.0
   2.46800 0.0
   2.47000 0.0
   2.47200 0.0
   2.47400 0.0
   2.47600 0.0
   2.47800 0.0
   2.48000 0.0
   2.48200 0.0
   2.48400 0.0
   2.48600 0.0
   2.48800 0.0
   2.49000 0.0
   2.49200 0.0
   2.49400 0.0
   2.49600 0.0
   2.49800 0.0
   2.50000 0.0
   2.50200 0.0
   2.50400 0.0
   2.50600 0.0
   2.50800 0.0
   2.51000 0.0
   2.51200 0.0
   2.51400 0.0
   2.51600 0.0
   2.51800 0.0
   2.52000 0.0
   2.52200 0.0
   2.52400 0.0
   2.52600 0.0
   2.52800 0.0
   2.53000 0.0
   2.53200 0.0
   2.53400 0.0
   2.53600 0.0
   2.53800 0.0
   2.54000 0.0
   2.54200 0.0
   2.54400 0.0
   2.54600 0.0
   2.54800 0.0
   2.55000 0.0
   2.55200 0.0
   2.55400 0.0
   2.55600 0.0
   2.55800 0.0
   2.56000 0.0
   2.56200 0.0
   2.56400 0.0
   2.56600 0.0
   2.56800 0.0
   2.57000 0.0
   2.57200 0.0
   2.57400 0.0
   2.57600 0.0
   2.57800 0.0
   2.58000 0.0
   2.58200 0.0
   2.58400 0.0
   2.58600 0.0
   2.58800 0.0
   2.59000 0.0
   2.59200 0.0
   2.59400 0.0
   2.59600 0.0
   2.59800 0.0
   2.60000 0.0
   2.60200 0.0
   2.60400 0.0
   2.60600 0.0
   2.60800 0.0
   2.61000 0.0
   2.61200 0.0
   2.61400 0.0
   2.61600 0.0
   2.61800 0.0
   2.62000 0.0
   2.62200 0.0
   2.62400 0.0
   2.62600 0.0
   2.62800 0.0
   2.63000 0.0
   2.63200 0.0
   2.63400 0.0
   2.63600 0.0
   2.63800 0.0
   2.64000 0.0
   2.64200 0.0
   2.64400 0.0
   2.64600 0.0
   2.64800 0.0
   2.65000 0.0
   2.65200 0.0
   2.65400 0.0
   2.65600 0.0
   2.65800 0.0
   2.66000 0.0
   2.66200 0.0
   2.66400 0.0
   2.66600 0.0
   2.66800 0.0
   2.67000 0.0
   2.67200 0.0
   2.67400 0.0
   2.67600 0.0
   2.67800 0.0
   2.68000 0.0
   2.68200 0.0
   2.68400 0.0
   2.68600 0.0
   2.68800 0.0
   2.69000 0.0
   2.69200 0.0
   2.69400 0.0
   2.69600 0.0
   2.69800 0.0
   2.70000 0.0
   2.70200 0.0
   2.70400 0.0
   2.70600 0.0
   2.70800 0.0
   2.71000 0.0
   2.71200 0.0
   2.71400 0.0
   2.71600 0.0
   2.71800 0.0
   2.72000 0.0
   2.72200 0.0
   2.72400 0.0
   2.72600 0.0
   2.72800 0.0
   2.73000 0.0
   2.73200 0.0
   2.73400 0.0
   2.73600 0.0
   2.73800 0.0
   2.74000 0.0
   2.74200 0.0
   2.74400 0.0
   2.74600 0.0
   2.74800 0.0
   2.75000 0.0
   2.75200 0.0
   2.75400 0.0
   2.75600 0.0
   2.75800 0.0
   2.76000 0.0
   2.76200 0.0
   2.76400 0.0
   2.76600 0.0
   2.76800 0.0
   2.77000 0.0
   2.77200 0.0
   2.77400 0.0
   2.77600 0.0
   2.77800 0.0
   2.78000 0.0
   2.78200 0.0
   2.78400 0.0
   2.78600 0.0
   2.78800 0.0
   2.79000 0.0
   2.79200 0.0
   2.79400 0.0
   2.79600 0.0
   2.79800 0.0
   2.80000 0.0
