micron
perone
   1.88000 0.0
   1.88100 0.0
   1.88200 0.0
   1.88300 0.0
   1.88400 0.0
   1.88500 0.0
   1.88600 0.0
   1.88700 0.0
   1.88800 0.0
   1.88900 0.0
   1.89000 0.0
   1.89100 0.0
   1.89200 -0.00018063599
   1.89300 -0.00022108303
   1.89400 0.00015100000
   1.89500 -0.00006636497
   1.89600 0.00004281168
   1.89700 -0.00009800235
   1.89800 -0.00018988447
   1.89900 -0.00002812704
   1.90000 0.00001251462
   1.90100 -0.00004934163
   1.90200 -0.00015314219
   1.90300 -0.00013310951
   1.90400 0.00003317118
   1.90500 -0.00027002404
   1.90600 -0.00001914557
   1.90700 -0.00010315830
   1.90800 -0.00015586348
   1.90900 -0.00010332871
   1.91000 -0.00010336280
   1.91100 0.00021221034
   1.91200 -0.00000862170
   1.91300 -0.00001907076
   1.91400 0.00012804431
   1.91500 0.00006502909
   1.91600 0.00013838762
   1.91700 -0.00017593769
   1.91800 0.00037894335
   1.91900 0.00031565711
   1.92000 0.00031561635
   1.92100 0.00040938992
   1.92200 0.00020063618
   1.92300 0.00037756063
   1.92400 0.00049149048
   1.92500 0.00048075147
   1.92600 0.00037658960
   1.92700 0.00052145991
   1.92800 0.00132832915
   1.92900 0.00092432894
   1.93000 0.00114098936
   1.93100 0.00086110845
   1.93200 0.00117026120
   1.93300 0.00110704407
   1.93400 0.00136524782
   1.93500 0.00134362146
   1.93600 0.00146736056
   1.93700 0.00145710602
   1.93800 0.00178864345
   1.93900 0.00163258374
   1.94000 0.00195234880
   1.94100 0.00198449656
   1.94200 0.00213988632
   1.94300 0.00219292983
   1.94400 0.00223542079
   1.94500 0.00251702249
   1.94600 0.00250909835
   1.94700 0.00249217480
   1.94800 0.00300255477
   1.94900 0.00294377714
   1.95000 0.00314572722
   1.95100 0.00360006273
   1.95200 0.00349119872
   1.95300 0.00358121902
   1.95400 0.00403937787
   1.95500 0.00439472079
   1.95600 0.00484569609
   1.95700 0.00489751190
   1.95800 0.00516457796
   1.95900 0.00582919061
   1.96000 0.00602609813
   1.96100 0.00658129692
   1.96200 0.00729127526
   1.96300 0.00791892052
   1.96400 0.00865354419
   1.96500 0.00944000000
   1.96600 0.01040719509
   1.96700 0.01157384515
   1.96800 0.01245416284
   1.96900 0.01405892611
   1.97000 0.01530091763
   1.97100 0.01695446134
   1.97200 0.01888650060
   1.97300 0.02109966516
   1.97400 0.02353495836
   1.97500 0.02627946138
   1.97600 0.02946127415
   1.97700 0.03359646320
   1.97800 0.03729193211
   1.97900 0.04255430698
   1.98000 0.04796574116
   1.98100 0.05393984318
   1.98200 0.06100193024
   1.98300 0.06901653290
   1.98400 0.07757853031
   1.98500 0.08792953491
   1.98600 0.09929052353
   1.98700 0.11175700190
   1.98800 0.12517756460
   1.98900 0.14049325940
   1.99000 0.15616054530
   1.99100 0.17383310320
   1.99200 0.19282501220
   1.99300 0.21406639100
   1.99400 0.23386583330
   1.99500 0.25705095290
   1.99600 0.28167274480
   1.99700 0.30430257800
   1.99800 0.33289806370
   1.99900 0.35840000150
   2.00000 0.38323871610
   2.00100 0.41052715300
   2.00200 0.43776912690
   2.00300 0.46258319850
   2.00400 0.48911155700
   2.00500 0.51617073060
   2.00600 0.53964847560
   2.00700 0.56445610050
   2.00800 0.58823978420
   2.00900 0.60978359220
   2.01000 0.63038845060
   2.01100 0.65072174070
   2.01200 0.67016029360
   2.01300 0.68692657470
   2.01400 0.70424736020
   2.01500 0.71909385680
   2.01600 0.73270828250
   2.01700 0.74654121400
   2.01800 0.75880828860
   2.01900 0.76971794130
   2.02000 0.78013679500
   2.02100 0.78931114200
   2.02200 0.79766418460
   2.02300 0.80603836060
   2.02400 0.81319259640
   2.02500 0.81942070010
   2.02600 0.82584693910
   2.02700 0.83158935550
   2.02800 0.83601959230
   2.02900 0.84072357180
   2.03000 0.84488006590
   2.03100 0.84865043640
   2.03200 0.85190856930
   2.03300 0.85486686710
   2.03400 0.85755310060
   2.03500 0.85908843990
   2.03600 0.86105186460
   2.03700 0.86294715880
   2.03800 0.86407386780
   2.03900 0.86582809450
   2.04000 0.86589828490
   2.04100 0.86675025940
   2.04200 0.86816284180
   2.04300 0.86824928280
   2.04400 0.86876052860
   2.04500 0.86914215090
   2.04600 0.86967620850
   2.04700 0.87011543270
   2.04800 0.87039062500
   2.04900 0.87049690250
   2.05000 0.87114883420
   2.05100 0.87188858030
   2.05200 0.87217887880
   2.05300 0.87326499940
   2.05400 0.87386604310
   2.05500 0.87540679930
   2.05600 0.87621650700
   2.05700 0.87681129460
   2.05800 0.87795814510
   2.05900 0.87951835630
   2.06000 0.88062217710
   2.06100 0.88251914980
   2.06200 0.88419700620
   2.06300 0.88531204220
   2.06400 0.88690093990
   2.06500 0.88867530820
   2.06600 0.89077178960
   2.06700 0.89229049680
   2.06800 0.89468833920
   2.06900 0.89628112790
   2.07000 0.89787857060
   2.07100 0.89943107600
   2.07200 0.90122398380
   2.07300 0.90254394530
   2.07400 0.90412628170
   2.07500 0.90610099790
   2.07600 0.90807937620
   2.07700 0.90959930420
   2.07800 0.91080535890
   2.07900 0.91188255310
   2.08000 0.91309356690
   2.08100 0.91431320190
   2.08200 0.91599983220
   2.08300 0.91668334960
   2.08400 0.91818305970
   2.08500 0.91879051210
   2.08600 0.91998893740
   2.08700 0.92063293460
   2.08800 0.92126808170
   2.08900 0.92204826350
   2.09000 0.92297149660
   2.09100 0.92348648070
   2.09200 0.92381385800
   2.09300 0.92427650450
   2.09400 0.92502632140
   2.09500 0.92526206970
   2.09600 0.92579734800
   2.09700 0.92611549380
   2.09800 0.92680389400
   2.09900 0.92649124150
   2.10000 0.92693786620
   2.10100 0.92737724300
   2.10200 0.92741958620
   2.10300 0.92729011540
   2.10400 0.92801177980
   2.10500 0.92760581970
   2.10600 0.92749137880
   2.10700 0.92772476200
   2.10800 0.92812759400
   2.10900 0.92773490910
   2.11000 0.92786407470
   2.11100 0.92755722050
   2.11200 0.92687675480
   2.11300 0.92731163020
   2.11400 0.92712097170
   2.11500 0.92681045530
   2.11600 0.92631324770
   2.11700 0.92599555970
   2.11800 0.92552909850
   2.11900 0.92519165040
   2.12000 0.92490585330
   2.12100 0.92463302610
   2.12200 0.92425079350
   2.12300 0.92358078000
   2.12400 0.92311180110
   2.12500 0.92225601200
   2.12600 0.92194847110
   2.12700 0.92164466860
   2.12800 0.92100616460
   2.12900 0.92022750850
   2.13000 0.91985527040
   2.13100 0.91910484310
   2.13200 0.91897964480
   2.13300 0.91848487850
   2.13400 0.91835296630
   2.13500 0.91738517760
   2.13600 0.91717514040
   2.13700 0.91623596190
   2.13800 0.91601165770
   2.13900 0.91604293820
   2.14000 0.91550247190
   2.14100 0.91516143800
   2.14200 0.91450660710
   2.14300 0.91455253600
   2.14400 0.91470169070
   2.14500 0.91466445920
   2.14600 0.91450286870
   2.14700 0.91422195430
   2.14800 0.91406372070
   2.14900 0.91457656860
   2.15000 0.91424003600
   2.15100 0.91405036930
   2.15200 0.91430282590
   2.15300 0.91499259950
   2.15400 0.91463508610
   2.15500 0.91479026790
   2.15600 0.91479232790
   2.15700 0.91543045040
   2.15800 0.91507926940
   2.15900 0.91550849910
   2.16000 0.91546775820
   2.16100 0.91576454160
   2.16200 0.91578895570
   2.16300 0.91548599240
   2.16400 0.91608360290
   2.16500 0.91680908200
   2.16600 0.91666999820
   2.16700 0.91689872740
   2.16800 0.91698112490
   2.16900 0.91659233090
   2.17000 0.91666427610
   2.17100 0.91702453610
   2.17200 0.91689430240
   2.17300 0.91710647580
   2.17400 0.91679557800
   2.17500 0.91679893490
   2.17600 0.91680320740
   2.17700 0.91702445980
   2.17800 0.91684875490
   2.17900 0.91620422360
   2.18000 0.91616378780
   2.18100 0.91552513120
   2.18200 0.91625732420
   2.18300 0.91622276310
   2.18400 0.91550331120
   2.18500 0.91555603030
   2.18600 0.91498970030
   2.18700 0.91488227840
   2.18800 0.91497528080
   2.18900 0.91473762510
   2.19000 0.91449928280
   2.19100 0.91455772400
   2.19200 0.91398612980
   2.19300 0.91406135560
   2.19400 0.91393981930
   2.19500 0.91386016850
   2.19600 0.91366676330
   2.19700 0.91333015440
   2.19800 0.91430130000
   2.19900 0.91380706790
   2.20000 0.91353675840
   2.20100 0.91374275210
   2.20200 0.91392967220
   2.20300 0.91442558290
   2.20400 0.91454620360
   2.20500 0.91460418700
   2.20600 0.91453720090
   2.20700 0.91469497680
   2.20800 0.91557296750
   2.20900 0.91555221560
   2.21000 0.91638328550
   2.21100 0.91678306580
   2.21200 0.91694709780
   2.21300 0.91716438290
   2.21400 0.91784141540
   2.21500 0.91900398250
   2.21600 0.91930938720
   2.21700 0.91940834050
   2.21800 0.92010032650
   2.21900 0.92081268310
   2.22000 0.92169006350
   2.22100 0.92221420290
   2.22200 0.92232124330
   2.22300 0.92346519470
   2.22400 0.92415748600
   2.22500 0.92523590090
   2.22600 0.92609237670
   2.22700 0.92624488830
   2.22800 0.92712905880
   2.22900 0.92712814330
   2.23000 0.92810432430
   2.23100 0.92873741150
   2.23200 0.92960647580
   2.23300 0.93068908690
   2.23400 0.93064994810
   2.23500 0.93153266910
   2.23600 0.93241638180
   2.23700 0.93348526000
   2.23800 0.93398841860
   2.23900 0.93511306760
   2.24000 0.93490478520
   2.24100 0.93496253970
   2.24200 0.93604187010
   2.24300 0.93690093990
   2.24400 0.93743919370
   2.24500 0.93844009400
   2.24600 0.93819671630
   2.24700 0.93950904850
   2.24800 0.94038238530
   2.24900 0.94034645080
   2.25000 0.94197326660
   2.25100 0.94176658630
   2.25200 0.94202590940
   2.25300 0.94227790830
   2.25400 0.94263626100
   2.25500 0.94374824520
   2.25600 0.94440719600
   2.25700 0.94422286990
   2.25800 0.94427940370
   2.25900 0.94476295470
   2.26000 0.94559333800
   2.26100 0.94541603090
   2.26200 0.94584754940
   2.26300 0.94563247680
   2.26400 0.94590400700
   2.26500 0.94565383910
   2.26600 0.94494087220
   2.26700 0.94480682370
   2.26800 0.94480880740
   2.26900 0.94478713990
   2.27000 0.94387809750
   2.27100 0.94456466670
   2.27200 0.94345825200
   2.27300 0.94288597110
   2.27400 0.94337936400
   2.27500 0.94269653320
   2.27600 0.94167343140
   2.27700 0.94078651430
   2.27800 0.93978309630
   2.27900 0.93915580750
   2.28000 0.93760353090
   2.28100 0.93670158390
   2.28200 0.93477256770
   2.28300 0.93258628850
   2.28400 0.93044113160
   2.28500 0.92795097350
   2.28600 0.92534278870
   2.28700 0.92188301090
   2.28800 0.91859405520
   2.28900 0.91365234380
   2.29000 0.90949241640
   2.29100 0.90343498230
   2.29200 0.89717140200
   2.29300 0.89000953670
   2.29400 0.88269874570
   2.29500 0.87309555050
   2.29600 0.86367637630
   2.29700 0.85298385620
   2.29800 0.84114952090
   2.29900 0.82848503110
   2.30000 0.81496200560
   2.30100 0.79957565310
   2.30200 0.78364738460
   2.30300 0.76718185420
   2.30400 0.74909332280
   2.30500 0.73022346500
   2.30600 0.71055366520
   2.30700 0.69011489870
   2.30800 0.66772155760
   2.30900 0.64586135860
   2.31000 0.62331462860
   2.31100 0.60018421170
   2.31200 0.57635421750
   2.31300 0.55392562870
   2.31400 0.52873046880
   2.31500 0.50492328640
   2.31600 0.48161445620
   2.31700 0.45758834840
   2.31800 0.43435886380
   2.31900 0.41258354190
   2.32000 0.38932685850
   2.32100 0.36698009490
   2.32200 0.34705741880
   2.32300 0.32664817810
   2.32400 0.30655775070
   2.32500 0.28815132140
   2.32600 0.26932424550
   2.32700 0.25146631240
   2.32800 0.23496021270
   2.32900 0.21964887620
   2.33000 0.20463075640
   2.33100 0.19112852100
   2.33200 0.17804309840
   2.33300 0.16527118680
   2.33400 0.15385894780
   2.33500 0.14330341340
   2.33600 0.13287968640
   2.33700 0.12347436900
   2.33800 0.11504294400
   2.33900 0.10690331460
   2.34000 0.09882697105
   2.34100 0.09254002571
   2.34200 0.08588750839
   2.34300 0.07961585999
   2.34400 0.07426233768
   2.34500 0.06893735409
   2.34600 0.06421442986
   2.34700 0.05998934269
   2.34800 0.05582930088
   2.34900 0.05191178799
   2.35000 0.04833996773
   2.35100 0.04523850441
   2.35200 0.04223240852
   2.35300 0.03937989473
   2.35400 0.03700565815
   2.35500 0.03464179516
   2.35600 0.03224408627
   2.35700 0.03034252644
   2.35800 0.02838824511
   2.35900 0.02671133280
   2.36000 0.02495643616
   2.36100 0.02347313166
   2.36200 0.02214675188
   2.36300 0.02076512814
   2.36400 0.01959200382
   2.36500 0.01838141084
   2.36600 0.01753519058
   2.36700 0.01646330237
   2.36800 0.01561131954
   2.36900 0.01451896667
   2.37000 0.01383542418
   2.37100 0.01295610547
   2.37200 0.01230170488
   2.37300 0.01179955959
   2.37400 0.01114385009
   2.37500 0.01046004295
   2.37600 0.00998741508
   2.37700 0.00956095457
   2.37800 0.00903195143
   2.37900 0.00844770670
   2.38000 0.00811808944
   2.38100 0.00747327149
   2.38200 0.00730301678
   2.38300 0.00691949725
   2.38400 0.00640855372
   2.38500 0.00641776085
   2.38600 0.00573480427
   2.38700 0.00562068701
   2.38800 0.00538362980
   2.38900 0.0
   2.39000 0.0
   2.39100 0.0
   2.39200 0.0
   2.39300 0.0
   2.39400 0.0
   2.39500 0.0
   2.39600 0.0
   2.39700 0.0
