micron
perone
   0.79400 0.00000000000
   0.79600 0.00000000000
   0.79800 0.00000000000
   0.80000 0.00198802347
   0.80200 0.00199599435
   0.80400 0.00201294035
   0.80600 0.00204077057
   0.80800 0.00208216963
   0.81000 0.00213995608
   0.81200 0.00221740691
   0.81400 0.00231681235
   0.81600 0.00243924741
   0.81800 0.00258358970
   0.82000 0.00274614223
   0.82200 0.00292108526
   0.82400 0.00310087228
   0.82600 0.00327698050
   0.82800 0.00344118349
   0.83000 0.00358666460
   0.83200 0.00370803935
   0.83400 0.00380151095
   0.83600 0.00386393495
   0.83800 0.00389209781
   0.84000 0.00388281502
   0.84200 0.00383324131
   0.84400 0.00374128220
   0.84600 0.00360887454
   0.84800 0.00344142122
   0.85000 0.00325098465
   0.85200 0.00305609215
   0.85400 0.00288245785
   0.85600 0.00276298083
   0.85800 0.00273950391
   0.86000 0.00286968525
   0.86200 0.00323071052
   0.86400 0.00393517414
   0.86600 0.00514068588
   0.86800 0.00706934901
   0.87000 0.01001975106
   0.87200 0.01437681291
   0.87400 0.02061823217
   0.87600 0.02930089849
   0.87800 0.04104263958
   0.88000 0.05648177968
   0.88200 0.07622714080
   0.88400 0.10080039750
   0.88600 0.13057376580
   0.88800 0.16570736549
   0.89000 0.20610619338
   0.89200 0.25138869237
   0.89400 0.30088149550
   0.89600 0.35363788418
   0.89800 0.40848194081
   0.90000 0.46407628755
   0.90200 0.51900273740
   0.90400 0.57185479876
   0.90600 0.62132943695
   0.90800 0.66630994373
   0.91000 0.70593391254
   0.91200 0.73964024975
   0.91400 0.76718481254
   0.91600 0.78863706161
   0.91800 0.80434786146
   0.92000 0.81489891483
   0.92200 0.82103876219
   0.92400 0.82361199837
   0.92600 0.82349144736
   0.92800 0.82151413826
   0.93000 0.81843386915
   0.93200 0.81488491077
   0.93400 0.81136434966
   0.93600 0.80822769859
   0.93800 0.80569863855
   0.94000 0.80388472723
   0.94200 0.80279915282
   0.94400 0.80238819312
   0.94600 0.80255213651
   0.94800 0.80317194307
   0.95000 0.80412273527
   0.95200 0.80529119993
   0.95400 0.80658075004
   0.95600 0.80791141519
   0.95800 0.80922258261
   0.96000 0.81046527296
   0.96200 0.81160345119
   0.96400 0.81261047698
   0.96600 0.81346894569
   0.96800 0.81417326319
   0.97000 0.81473571790
   0.97200 0.81517824107
   0.97400 0.81554002006
   0.97600 0.81586712759
   0.97800 0.81621147934
   0.98000 0.81662276466
   0.98200 0.81714139598
   0.98400 0.81780377919
   0.98600 0.81863293182
   0.98800 0.81964753921
   0.99000 0.82086141001
   0.99200 0.82228904771
   0.99400 0.82394239223
   0.99600 0.82583361776
   0.99800 0.82796579114
   1.00000 0.83033015872
   1.00200 0.83290306068
   1.00400 0.83564401364
   1.00600 0.83850756361
   1.00800 0.84144912927
   1.01000 0.84444379948
   1.01200 0.84749572903
   1.01400 0.85064658494
   1.01600 0.85396947092
   1.01800 0.85755752964
   1.02000 0.86150065509
   1.02200 0.86586759840
   1.02400 0.87068548810
   1.02600 0.87593410180
   1.02800 0.88154357163
   1.03000 0.88741070601
   1.03200 0.89340911906
   1.03400 0.89940870875
   1.03600 0.90528834587
   1.03800 0.91094464530
   1.04000 0.91629363700
   1.04200 0.92127276191
   1.04400 0.92583353679
   1.04600 0.92994335316
   1.04800 0.93357961980
   1.05000 0.93673275560
   1.05200 0.93940231826
   1.05400 0.94160308124
   1.05600 0.94335454681
   1.05800 0.94469625549
   1.06000 0.94567302133
   1.06200 0.94634372759
   1.06400 0.94677529532
   1.06600 0.94703699963
   1.06800 0.94719902491
   1.07000 0.94732209105
   1.07200 0.94745742434
   1.07400 0.94763641213
   1.07600 0.94787462545
   1.07800 0.94816936557
   1.08000 0.94850425740
   1.08200 0.94884930898
   1.08400 0.94916646418
   1.08600 0.94941119797
   1.08800 0.94952766300
   1.09000 0.94945484584
   1.09200 0.94912300686
   1.09400 0.94846125719
   1.09600 0.94740182727
   1.09800 0.94589379917
   1.10000 0.94391116962
   1.10200 0.94146765485
   1.10400 0.93861692549
   1.10600 0.93545879052
   1.10800 0.93212809268
   1.11000 0.92878524707
   1.11200 0.92559360270
   1.11400 0.92270859477
   1.11600 0.92025434423
   1.11800 0.91831424561
   1.12000 0.91692215814
   1.12200 0.91606755091
   1.12400 0.91569379058
   1.12600 0.91571849572
   1.12800 0.91604087549
   1.13000 0.91655946419
   1.13200 0.91718306106
   1.13400 0.91784208339
   1.13600 0.91849536897
   1.13800 0.91913225707
   1.14000 0.91976366548
   1.14200 0.92042453705
   1.14400 0.92115263045
   1.14600 0.92198772196
   1.14800 0.92295547661
   1.15000 0.92406512802
   1.15200 0.92530287828
   1.15400 0.92663479738
   1.15600 0.92801147349
   1.15800 0.92937598412
   1.16000 0.93066973019
   1.16200 0.93184228439
   1.16400 0.93285563049
   1.16600 0.93368828934
   1.16800 0.93433794486
   1.17000 0.93482296956
   1.17200 0.93517853293
   1.17400 0.93545554728
   1.17600 0.93571013097
   1.17800 0.93599870940
   1.18000 0.93636212103
   1.18200 0.93682200552
   1.18400 0.93736935333
   1.18600 0.93796880212
   1.18800 0.93855794565
   1.19000 0.93906383000
   1.19200 0.93941178846
   1.19400 0.93954141298
   1.19600 0.93941247540
   1.19800 0.93901032112
   1.20000 0.93834405544
   1.20200 0.93744055760
   1.20400 0.93633606320
   1.20600 0.93507490067
   1.20800 0.93369969098
   1.21000 0.93225543733
   1.21200 0.93078935375
   1.21400 0.92935201331
   1.21600 0.92799816653
   1.21800 0.92678098203
   1.22000 0.92574932852
   1.22200 0.92494013666
   1.22400 0.92437002871
   1.22600 0.92403288129
   1.22800 0.92389407783
   1.23000 0.92389884912
   1.23200 0.92397707015
   1.23400 0.92405219711
   1.23600 0.92405412084
   1.23800 0.92392794560
   1.24000 0.92363829703
   1.24200 0.92317536821
   1.24400 0.92254989395
   1.24600 0.92179220660
   1.24800 0.92094391286
   1.25000 0.92005221043
   1.25200 0.91916378123
   1.25400 0.91832098754
   1.25600 0.91755624869
   1.25800 0.91689402847
   1.26000 0.91634685679
   1.26200 0.91592177101
   1.26400 0.91561326599
   1.26600 0.91541248596
   1.26800 0.91530425891
   1.27000 0.91527515264
   1.27200 0.91530868264
   1.27400 0.91539451327
   1.27600 0.91552390755
   1.27800 0.91569639844
   1.28000 0.91591429505
   1.28200 0.91618387706
   1.28400 0.91651175917
   1.28600 0.91690015450
   1.28800 0.91734493475
   1.29000 0.91783614928
   1.29200 0.91835295106
   1.29400 0.91886124698
   1.29600 0.91930621349
   1.29800 0.91960129102
   1.30000 0.91961045250
   1.30200 0.91912821502
   1.30400 0.91785356360
   1.30600 0.91536920878
   1.30800 0.91112297508
   1.31000 0.90442295938
   1.31200 0.89445205893
   1.31400 0.88030513430
   1.31600 0.86105678365
   1.31800 0.83585066306
   1.32000 0.80401349565
   1.32200 0.76516983983
   1.32400 0.71934534871
   1.32600 0.66703680410
   1.32800 0.60922955169
   1.33000 0.54735213665
   1.33200 0.48317365245
   1.33400 0.41864925740
   1.33600 0.35574162408
   1.33800 0.29624594491
   1.34000 0.24163959773
   1.34200 0.19298284194
   1.34400 0.15087489907
   1.34600 0.11547012998
   1.34800 0.08653540141
   1.35000 0.06354249472
   1.35200 0.04576872814
   1.35400 0.03240017661
   1.35600 0.02261187842
   1.35800 0.01563429080
   1.36000 0.01078900962
   1.36200 0.00751192757
   1.36400 0.00535150434
   1.36600 0.00396284553
   1.36800 0.00309171488
   1.37000 0.00255710914
   1.37200 0.00223287683
   1.37400 0.00203564455
   1.37600 0.00191276303
   1.37800 0.00183246121
   1.38000 0.00177836484
   1.38200 0.00174463666
   1.38400 0.00173130024
   1.38600 0.00174215650
   1.38800 0.00178186536
   1.39000 0.00185416385
   1.39200 0.00196086223
   1.39400 0.00210008543
   1.39600 0.00226683371
   1.39800 0.00245293799
   1.40000 0.00264831411
   1.40200 0.00284191237
   1.40400 0.00302313924
   1.40600 0.00318360434
   1.40800 0.00331758967
   1.41000 0.00342251029
   1.41200 0.00349922972
   1.41400 0.00355011234
   1.41600 0.00357887375
   1.41800 0.00358831514
   1.42000 0.00357956340
   1.42200 0.00355169363
   1.42400 0.00350144304
   1.42600 0.00342474921
   1.42800 0.00331817992
   1.43000 0.00318095258
   1.43200 0.00301650196
   1.43400 0.00283264991
   1.43600 0.00264122489
   1.43800 0.00245656674
   1.44000 0.00229268776
   1.44200 0.00216081365
   1.44400 0.00206742520
   1.44600 0.00201318909
   1.44800 0.00199253621
   1.45000 0.00199590145
   1.45200 0.00201159277
   1.45400 0.00202858525
   1.45600 0.00203875993
   1.45800 0.00203894322
   1.46000 0.00203091409
   1.46200 0.00202152479
   1.46400 0.00202045536
   1.46600 0.00203842900
   1.46800 0.00208436374
   1.47000 0.00216393972
   1.47200 0.00227724765
   1.47400 0.00241926156
   1.47600 0.00258009522
   1.47800 0.00274658587
   1.48000 0.00290384932
   1.48200 0.00303751815
   1.48400 0.00313502578
   1.48600 0.00318666929
   1.48800 0.00318584552
   1.49000 0.00312918015
   1.49200 0.00301650426
   1.49400 0.00285044646
   1.49600 0.00263687241
   1.49800 0.00238413348
   1.50000 0.00210361504
   1.50200 0.00180811825
   1.50400 0.00151179956
   1.50600 0.00122754309
   1.50800 0.00096720512
   1.51000 0.00073928265
   1.51200 0.00054918309
   1.51400 0.00039922879
   1.51600 0.00028922763
   1.51800 0.00021744666
   1.52000 0.00018207760
   1.52200 0.00000000000
   1.52400 0.00000000000
   1.52600 0.00000000000
