micron
perone
   0.80000 0.00477925465
   0.80200 0.00000000000
   0.80400 0.00015557163
   0.80600 0.00000000000
   0.80800 0.00515627880
   0.81000 0.00293902272
   0.81200 0.00251832042
   0.81400 0.00000000000
   0.81600 0.00000000000
   0.81800 0.00463429846
   0.82000 0.00300980405
   0.82200 0.00000000000
   0.82400 0.00054241502
   0.82600 0.00605085704
   0.82800 0.00393976186
   0.83000 0.00819799530
   0.83200 0.00375857568
   0.83400 0.00441145576
   0.83600 0.00440551909
   0.83800 0.00000000000
   0.84000 0.00370203095
   0.84200 0.00000000000
   0.84400 0.00703753485
   0.84600 0.00868814245
   0.84800 0.01131149394
   0.85000 0.00191397536
   0.85200 0.00000000000
   0.85400 0.00000000000
   0.85600 0.00000000000
   0.85800 0.00384344266
   0.86000 0.00000000000
   0.86200 0.00000000000
   0.86400 0.00224347774
   0.86600 0.00409893219
   0.86800 0.00102770355
   0.87000 0.00228336148
   0.87200 0.00175435994
   0.87400 0.00315105537
   0.87600 0.00777489188
   0.87800 0.00000000000
   0.88000 0.00125789068
   0.88200 0.00849303127
   0.88400 0.00000000000
   0.88600 0.04356985840
   0.88800 0.05882015882
   0.89000 0.10507046340
   0.89200 0.16023939650
   0.89400 0.24419554190
   0.89600 0.32058317970
   0.89800 0.37005121920
   0.90000 0.48649965800
   0.90200 0.52721021930
   0.90400 0.64478288460
   0.90600 0.70067671710
   0.90800 0.79554610940
   0.91000 0.84762828430
   0.91200 0.82216733110
   0.91400 0.86563903480
   0.91600 0.85430979900
   0.91800 0.90274359590
   0.92000 0.91281658980
   0.92200 0.86220129990
   0.92400 0.81726603490
   0.92600 0.85167447460
   0.92800 0.79944356150
   0.93000 0.79748157510
   0.93200 0.79284687190
   0.93400 0.81438786850
   0.93600 0.81454526220
   0.93800 0.77902087090
   0.94000 0.78385098330
   0.94200 0.77428998660
   0.94400 0.78678918510
   0.94600 0.81370933720
   0.94800 0.81304029250
   0.95000 0.79156937180
   0.95200 0.83685875550
   0.95400 0.80273975970
   0.95600 0.79226223680
   0.95800 0.79875741330
   0.96000 0.80681447890
   0.96200 0.82710414990
   0.96400 0.81680652540
   0.96600 0.81924048550
   0.96800 0.81967534380
   0.97000 0.81222493320
   0.97200 0.82089827880
   0.97400 0.82172444040
   0.97600 0.81064684070
   0.97800 0.81441078860
   0.98000 0.80959937230
   0.98200 0.81672156180
   0.98400 0.80721796920
   0.98600 0.81513308260
   0.98800 0.82858246030
   0.99000 0.81447504790
   0.99200 0.81672751690
   0.99400 0.82408797830
   0.99600 0.83108774270
   0.99800 0.83422176920
   1.00000 0.81971135110
   1.00200 0.81510323800
   1.00400 0.81562894580
   1.00600 0.82303351610
   1.00800 0.83911489450
   1.01000 0.89857636550
   1.01200 0.84937568070
   1.01400 0.87515419130
   1.01600 0.84599015650
   1.01800 0.84713927650
   1.02000 0.84931336030
   1.02200 0.78697614640
   1.02400 0.87862239390
   1.02600 0.86960718600
   1.02800 0.90509169220
   1.03000 0.87748456090
   1.03200 0.90669408960
   1.03400 0.90680737440
   1.03600 0.90910485300
   1.03800 0.90855151650
   1.04000 0.91198911230
   1.04200 0.94184573550
   1.04400 0.90539270000
   1.04600 0.95559653630
   1.04800 0.94680277420
   1.05000 0.96005411130
   1.05200 0.92374995200
   1.05400 0.94511298880
   1.05600 0.93713908670
   1.05800 0.96870363640
   1.06000 0.94708224650
   1.06200 0.96052843870
   1.06400 0.94414993020
   1.06600 0.96113260120
   1.06800 0.91210295170
   1.07000 0.96691053820
   1.07200 0.94336067660
   1.07400 0.94325334660
   1.07600 0.93840426150
   1.07800 0.94918770870
   1.08000 0.93041844880
   1.08200 0.97817357610
   1.08400 0.95221835240
   1.08600 0.96787325100
   1.08800 0.92149547510
   1.09000 0.94257156100
   1.09200 0.93712122130
   1.09400 0.99660090400
   1.09600 0.90828291460
   1.09800 1.00000000000
   1.10000 0.94477832860
   1.10200 0.94287561580
   1.10400 0.93447890380
   1.10600 0.97748791220
   1.10800 0.94186886320
   1.11000 0.89849631830
   1.11200 0.91887642320
   1.11400 0.90604928060
   1.11600 0.90642001810
   1.11800 0.90061369040
   1.12000 0.93135387890
   1.12200 0.89424973310
   1.12400 0.89188674910
   1.12600 0.92230259410
   1.12800 0.92239205880
   1.13000 0.92441795840
   1.13200 0.91262346550
   1.13400 0.91598572350
   1.13600 0.92429331750
   1.13800 0.93436381830
   1.14000 0.91283874810
   1.14200 0.93432351780
   1.14400 0.89917034860
   1.14600 0.91213812790
   1.14800 0.91976012700
   1.15000 0.93643742810
   1.15200 0.90944602260
   1.15400 0.91574855940
   1.15600 0.92831326330
   1.15800 0.94872591350
   1.16000 0.91645942840
   1.16200 0.97548285580
   1.16400 0.91976975220
   1.16600 0.91432612980
   1.16800 0.93473109340
   1.17000 0.93898100240
   1.17200 0.96803500660
   1.17400 0.92504192490
   1.17600 0.94381887040
   1.17800 0.92372668550
   1.18000 0.93014818600
   1.18200 0.94933173790
   1.18400 0.89326070750
   1.18600 0.93254046040
   1.18800 0.94494680140
   1.19000 0.95070161060
   1.19200 0.95088095480
   1.19400 0.97750556970
   1.19600 0.93550220580
   1.19800 0.94421031150
   1.20000 0.91214145150
   1.20200 0.94702719640
   1.20400 0.92800851690
   1.20600 0.94417028880
   1.20800 0.94768315430
   1.21000 0.94211336720
   1.21200 0.90850352950
   1.21400 0.93167836040
   1.21600 0.91420204260
   1.21800 0.96654928770
   1.22000 0.90845526560
   1.22200 0.91386814380
   1.22400 0.89872413410
   1.22600 0.92739743030
   1.22800 0.90819040400
   1.23000 0.93563051610
   1.23200 0.92051205800
   1.23400 0.92832586640
   1.23600 0.93699845020
   1.23800 0.93027344940
   1.24000 0.93478074230
   1.24200 0.91536300320
   1.24400 0.91757254080
   1.24600 0.92721677010
   1.24800 0.92360516050
   1.25000 0.92908679900
   1.25200 0.91108144950
   1.25400 0.91215987050
   1.25600 0.91136860840
   1.25800 0.92247639910
   1.26000 0.89866195220
   1.26200 0.92857909520
   1.26400 0.91959982540
   1.26600 0.91579924650
   1.26800 0.90673570580
   1.27000 0.90087197400
   1.27200 0.92337838390
   1.27400 0.90837466470
   1.27600 0.93169677940
   1.27800 0.92339320240
   1.28000 0.91112867510
   1.28200 0.91105465150
   1.28400 0.91257243160
   1.28600 0.89977804230
   1.28800 0.92268628060
   1.29000 0.92300653810
   1.29200 0.91600282740
   1.29400 0.93013302080
   1.29600 0.92416313670
   1.29800 0.91468634190
   1.30000 0.90025624800
   1.30200 0.93532846980
   1.30400 0.92112016770
   1.30600 0.93016016550
   1.30800 0.89881803030
   1.31000 0.94409148760
   1.31200 0.92742395050
   1.31400 0.95221059690
   1.31600 0.90877829310
   1.31800 0.93682125250
   1.32000 0.90122595430
   1.32200 0.90633886300
   1.32400 0.91136106070
   1.32600 0.86394010980
   1.32800 0.72395970890
   1.33000 0.60678444040
   1.33200 0.47422664820
   1.33400 0.33865299600
   1.33600 0.23891365820
   1.33800 0.16499804800
   1.34000 0.09763339974
   1.34200 0.05433054985
   1.34400 0.03600364862
   1.34600 0.01397111246
   1.34800 0.01526579181
   1.35000 0.00206971105
   1.35200 0.00574219875
   1.35400 0.00000000000
   1.35600 0.00489818934
   1.35800 0.00213400161
   1.36000 0.00000000000
   1.36200 0.00420275688
   1.36400 0.00000000000
   1.36600 0.00000000000
   1.36800 0.00565739262
   1.37000 0.00000000000
   1.37200 0.00000000000
   1.37400 0.00402446250
   1.37600 0.00000000000
   1.37800 0.00750851250
   1.38000 0.00000000000
   1.38200 0.00068402199
   1.38400 0.00000000000
   1.38600 0.00000000000
   1.38800 0.00539372839
   1.39000 0.00082679731
   1.39200 0.00000000000
   1.39400 0.00000000000
   1.39600 0.00000000000
   1.39800 0.00259498594
   1.40000 0.00584092636
   1.40200 0.00376290997
   1.40400 0.00000000000
   1.40600 0.00625152891
   1.40800 0.00501561958
   1.41000 0.00213705690
   1.41200 0.00650626161
   1.41400 0.00000000000
   1.41600 0.00707574508
   1.41800 0.00540208215
   1.42000 0.00000000000
   1.42200 0.00168219493
   1.42400 0.00000000000
   1.42600 0.01034077275
   1.42800 0.00173425010
   1.43000 0.00517402390
   1.43200 0.00600599226
   1.43400 0.00668589924
   1.43600 0.00000000000
   1.43800 0.00026970100
   1.44000 0.00000000000
   1.44200 0.00169829492
   1.44400 0.00000000000
   1.44600 0.00000000000
   1.44800 0.00261123254
   1.45000 0.00000000000
   1.45200 0.00518706468
   1.45400 0.00000000000
   1.45600 0.00870405147
   1.45800 0.00091472351
   1.46000 0.00199020852
   1.46200 0.00029752500
   1.46400 0.00246584762
   1.46600 0.00324085065
   1.46800 0.00000000000
   1.47000 0.00000000000
   1.47200 0.00000000000
   1.47400 0.00151646281
   1.47600 0.00000000000
   1.47800 0.00574894688
   1.48000 0.00740395966
   1.48200 0.00331105069
   1.48400 0.00000000000
   1.48600 0.00777560381
   1.48800 0.00512815021
   1.49000 0.00080875750
   1.49200 0.00000000000
   1.49400 0.00741932501
   1.49600 0.00000000000
   1.49800 0.01226993711
   1.50000 0.00000000000
   1.50200 0.00000000000
   1.50400 0.00000000000
   1.50600 0.00000000000
   1.50800 0.00000000000
   1.51000 0.00000000000
